0
103744
166656
227224
293548
355264
424464
485936
551684
612180
672368
754940
825092
887752
14010936
14090792
14152784
14222200
14288728
14349664
14409656
14469924
14535428
14604688
14664520
14746608
14810668
14873456
28376700
28465092
28527284
28587956
28653884
28715704
28784160
28844568
28909420
28970128
29029956
29111596
29182184
29244684
42741336
42820744
42883604
42952624
43018100
43079108
43139740
43200844
43265776
43335708
43396464
43479108
43541504
43603660
57107124
57194548
57256612
57317516
57382696
57443432
57512028
57572960
57638464
57699120
57758940
57840616
57911088
57973304
71471300
71550788
71613368
71682680
71749692
71810412
71870500
71931520
71996548
72066244
72126452
72208292
72270644
72332744
85837836
85925156
85987084
86047708
86112844
86173644
86242292
86302720
86368132
86429024
86489440
86570820
86641440
86703668
100202472
100282000
100343840
100414144
100480268
100541060
100601020
100661872
100726640
100796732
100857292
100939416
101001772
101063888
114567612
114655216
114717080
114777808
114842816
114903512
114972280
115033380
115098992
115159880
115220012
115301744
115371964
115434520
128931904
129011716
129073516
129143652
129209720
129271512
129331448
129391820
129457336
129526404
129586352
129668248
129731232
129793624
143297172
143385088
143447752
143508532
143573376
143634268
143702548
143763972
143829200
143890624
143951100
144032576
144102788
144165116
157662600
157742892
157805324
157874624
157939880
158000620
158061116
158122844
158188172
158257584
158318104
158399972
158462384
158524612
172028024
172116304
172178168
172239220
172304456
172365116
172433112
172494520
172560060
172620864
172681192
172763072
172833832
172896092
186392224
186472028
186534140
186595560
186670424
186731676
186791620
186852612
186917824
186986536
187046512
187128328
187191284
187254300
200757704
200845524
200908104
200968916
201033864
201094508
201163668
201224916
201290496
201351896
201411612
201493188
201563480
201625788
215123256
215203360
215266020
215326972
215400756
215462176
215522884
215583208
215648444
215716620
215776420
215858072
215920308
215982428
229487436
229575680
229638432
229699384
229764688
229825620
229894216
229955688
230021420
230082148
230142312
230224020
230294216
230356464
243852424
243932024
243993796
244054488
244128304
244189004
244249056
244309264
244374604
244443044
244502880
244584492
244647512
244709816
258218108
258306132
258368800
258429680
258494852
258555576
258623448
258683924
258748736
258809460
258869044
258950168
259020148
259082224
272582816
272662696
272724496
272785144
272858740
272919584
272979640
273040700
273105772
273175188
273235536
273317072
273379292
273441432
286948940
287036388
287098248
287159656
287225248
287285940
287345840
287414148
287478984
287539644
287599300
287680972
287751184
287813588
301313108
301392900
301454628
301515220
301588484
301649376
301709588
301770108
301835276
301903948
301963736
302045348
302107796
302170720
315686324
315773472
315835472
315896188
315961196
316021920
316081972
316151588
316216904
316278152
316338608
316419864
316490032
316552304
330043936
330125420
330187412
330248692
330322908
330383996
330444780
330505204
330570388
330638888
330698780
330780436
330842840
330905908
344416156
344503284
344565144
344626048
344691796
344752576
344812728
344882128
344947764
345008612
345068696
345150076
345220548
345283176
358773616
358853288
358915000
358975712
359049832
359110572
359170712
359231232
359296744
359366504
359427144
359508792
359571076
359633228
373147784
373235036
373296784
373357368
373422328
373482984
373542912
373612708
373677868
373739076
373799472
373880880
373951788
374014052
387504296
387584052
387645764
387706320
387780036
387840852
387901680
387962640
388027432
388088040
388155948
388238376
388300844
388363068
401876676
401964516
402026140
402086880
402151776
402212420
402272540
402340820
402406316
402466860
402526564
402607816
402678792
402741088
416233788
416313308
416375004
416435780
416510232
416571072
416631288
416692084
416757404
416818668
416886204
416967740
417030644
417093864
430607352
430694992
430756932
430817476
430882492
430943192
431004092
431073764
431139044
431200084
431260128
431341356
431411996
431474120
444964508
445044052
445106476
445167208
445240956
445301852
445362628
445422944
445487984
445549004
445618240
445699764
445762076
445824208
459338364
459425624
459487584
459548472
459613288
459674116
459734068
459804408
459870144
459930912
459990700
460072028
460142436
460205152
473694184
473773640
473836048
473897072
473971588
474033144
474092992
474153260
474218428
474279432
474346872
474428472
474490736
474553772
488067488
488155244
488217716
488278544
488343532
488404936
488464964
488533888
488598756
488659436
488719128
488800372
488870704
488932768
502424500
502504744
502567128
502627648
502700828
502762008
502822772
502883884
502948828
503010112
503079584
503160844
503223052
503285164
516798860
516886560
516948348
517009140
517074096
517134816
517194836
517263076
517327860
517396964
517456748
517538308
517608372
517671480
531154608
531234252
531297076
531357876
531431904
531492616
531553044
531614308
531679684
531741028
531809936
531891468
531953788
532015888
545529336
545616500
545679244
545740072
545805040
545866060
545926012
545994624
546059392
546120100
546180020
546261424
546332116
546394168
559884896
559964744
560027416
560088672
560162024
560223176
560283256
560343664
560408688
560469556
560537032
560618728
560680980
560742956
569658224
596761216
596823592
596884356
596949476
597010404
597070300
597138768
597203864
597265184
597325500
597406832
597468980
597540092
602979980
603060732
603122580
603183200
603255644
603316888
603377044
603438168
603503336
603564592
603632596
603714796
603777736
617353900
617433148
617503004
617563888
617629232
617689964
617749968
617810524
617883804
617944472
618004436
618085872
618149124
618211204
631710112
631789612
631851444
631912052
631976940
632045456
632105400
632165880
632230836
632291508
632351240
632441168
632503520
632565736
646075352
646154760
646224528
646285068
646350056
646410576
646470320
646530768
646603460
646664384
646724212
646805800
646868212
646930512
660441400
660521164
660583232
660643920
660708948
660778220
660838220
660899296
660964444
661025568
661086136
661176324
661238768
661300952
674807372
674887832
674958748
675019560
675084592
675145368
675206024
675267068
675341508
675402448
675462848
675544868
675607220
675669532
680088188
680166860
680232380
680299640
680360428
680428276
680509668
680572768
680943120
681010084
681100368
681176492
681300796
681479104
681558364
681631488
681704196
681904728
682056700
684254172
684334156
684399120
684474412
684535172
684594724
684676632
684739176
685001796
685068376
685141852
685209840
685311512
685442236
685525128
685595104
685658600
685824156
685972964
714564564
714647484
714710568
714771276
714836908
714897872
714966936
715028508
715094388
715155252
715215696
715306364
715369216
715435756
715532084
715777540
715966912
716049584
716119948
716183160
716351268
716494464
716594308
716817264
716955032
717027348
717097780
717160700
717331336
717513372
717898052
717978472
718040352
718109552
718174188
718234884
718294712
718355624
718421444
718489800
718549788
718632568
718695036
732267136
732354904
732416824
732477660
732543240
732603956
732664180
732732656
732798116
732859100
732919688
733001328
733063680
733156252
733236496
733328228
733498872
733736348
733808444
733947448
734014884
734076220
734144104
734215044
734344184
734414392
734492636
734576640
734665488
734735000
734794924
734853708
734912560
734971272
735029968
735096308
735155264
735213724
735282128
735450628
735522916
735761552
735877752
736136852
736215568
736308828
736379368
736461252
736541320
736612760
736673372
736733716
736803168
736863364
736922272
736981476
737040552
737141360
737214404
737274808
737333880
737393372
737452104
737816388
737892068
737982968
738074972
738246312
738446408
738510356
738651004
738717796
738779264
738855832
738917136
739032696
739101136
739182864
739264792
739360640
739420856
739480552
739539216
739597948
739657480
739724080
739783676
739842304
739901752
739968920
740124424
740196132
740392136
740501688
740702556
740778336
740875532
740938468
741015732
741096540
741165112
741232848
741292656
741353240
741413592
741472272
741530904
741597476
741688264
741758528
741818752
741877340
741943880
742002800
742326816
742400860
742491300
742681752
742758436
742831044
742932492
743103732
743334660
743408864
743481060
743546708
743635248
743790652
743871164
743941256
744004976
744145536
744283920
744473904
744548788
744621216
744719328
744886908
745106056
745180576
745252796
745318920
745406740
745547752
745628600
745697212
745759952
745892104
746030532
746142100
746318748
746495496
746559080
746633688
746714796
746785744
746846588
746912064
746974036
747034364
747095612
747168788
747229568
747289400
747372724
747435208
747554392
747630044
747691168
747757816
747819360
747932676
748009888
748083456
748169476
748255648
748315900
748374808
748441808
748500752
748559432
748618324
748677712
748744032
748802996
748870132
749020360
749091672
749283488
749400960
749598752
749675032
749765712
749827660
749914260
749994052
750062536
750122372
750181652
750241876
750311392
750370240
750429040
750487572
750575276
750645440
750713668
750772548
750831372
750890116
751171408
751247056
751313836
751402420
751570956
751744364
751816468
751932016
751999292
752061112
752127636
752189096
752308908
752377644
752449492
752530204
752616652
752685996
752744976
752803848
752862732
752921616
752981412
753048064
753107824
753166616
753233496
753375780
753446172
753645768
753752344
753940208
754016360
754107912
754178832
754256324
754335988
754404708
754464728
754524260
754593244
754653464
754713004
754771688
754831332
754925544
754996256
755056424
755115408
755174128
755232932
755502336
755569004
755634632
760997924
761079004
761150300
761211100
761277424
761337992
761397984
761458488
761534248
761595224
761655124
761737988
761800796
775364144
775445092
775507188
775568592
775633992
775694916
775763668
775824164
775889620
775950488
776019764
776101956
776173920
776247916
776321224
789737728
789817696
789888716
789950300
790016256
790076920
790137560
790198544
790272228
790333776
790394048
790475604
790537944
790609304
804094292
804174184
804236028
804296712
804361832
804430900
804490912
804552308
804618196
804679060
804738732
804828368
804890616
804955648
818458780
818538748
818609824
818671096
818736412
818797216
818857364
818917956
818990820
819051524
819111212
819193140
819255440
819321020
832826472
832912036
832974380
833035824
833102548
833175732
833236296
833297164
833363616
833424484
833484288
833579648
833642992
833714848
847189536
847270684
847342236
847403132
847468504
847529072
847589676
847650816
847723304
847783844
847843716
847927020
847989532
848052340
861554024
861634328
861696608
861757324
861822584
861891380
861952052
862013448
862079152
862140096
862200708
862290796
862353408
862416220
875920184
875999724
876070684
876131664
876196964
876258596
876318672
876379228
876452340
876512932
876572752
876654404
876717004
876779580
890284876
890365972
890427964
890488676
890553500
890622916
890682804
890743360
890808624
890870008
890930332
891020780
891086412
891148772
904652000
904733616
904804668
904865440
904930672
904991732
905051732
905112932
905185924
905246704
905307056
905389612
905451940
905514156
919015512
919095560
919157312
919217840
919283408
919352220
919412676
919473944
919539612
919600604
919660404
919750808
919813096
919875536
933380784
933460752
933531156
933591928
933656972
933717764
933777644
933837848
933911636
933973056
934032640
934114468
934176968
934239196
947758204
947863640
947933012
948000264
948072848
948152140
948215180
948278300
948361036
948432488
948501956
948575652
948637836
948699348
948759540
948858648
948922956
949012692
949078308
962119400
962227940
962299324
962382040
962458308
962521840
962582648
962643680
962717436
962789184
962849504
962949196
963014292
963081028
976485208
976594868
976661880
976722672
976792928
976853892
976930224
976991080
977060904
977122148
977183256
977275200
977346072
977411472
990841892
990925340
990987072
991056668
991123580
991184476
991244228
991304792
991370452
991438932
991499016
991584868
991647220
991709316
1005206984
1005296080
1005358144
1005418788
1005484876
1005545536
1005614340
1005674904
1005740556
1005801236
1005861364
1005947212
1006018380
1006080912
1019573004
1019653168
1019715836
1019785136
1019850384
1019912068
1019972628
1020033224
1020098856
1020168036
1020227780
1020310392
1020372720
1020435164
1033937388
1034024960
1034087152
1034148580
1034213580
1034274252
1034342872
1034403368
1034468708
1034529468
1034589596
1034671260
1034741376
1034803700
1048302404
1048382368
1048444088
1048513076
1048579076
1048639816
1048699812
1048760256
1048825220
1048894568
1048954208
1049037160
1049099504
1049161564
1062668764
1062756996
1062818936
1062879624
1062944796
1063005628
1063073768
1063134184
1063199144
1063259840
1063319604
1063401340
1063471444
1063533844
1077032812
1077112644
1077174780
1077243196
1077308280
1077369104
1077429020
1077489488
1077554604
1077623580
1077683544
1077765436
1077827988
1077890128
1091398580
1091487084
1091549888
1091610788
1091675864
1091736628
1091804560
1091865028
1091929808
1091990616
1092050364
1092132180
1092202400
1092264580
1105763528
1105843532
1105905472
1105974428
1106039600
1106100376
1106160356
1106220788
1106286168
1106354552
1106414548
1106496348
1106559308
1106621508
1120128908
1120216096
1120277960
1120338552
1120403492
1120464032
1120531764
1120592428
1120657820
1120719320
1120779060
1120860832
1120931792
1120994196
1134494656
1134574368
1134636256
1134705108
1134770648
1134831512
1134891520
1134951904
1135016724
1135085176
1135144904
1135227460
1135289736
1135351684
1148859312
1148948100
1149010768
1149071548
1149136812
1149197404
1149266240
1149327400
1149392596
1149453660
1149513924
1149595308
1149665920
1149728200
1163224572
1163304244
1163365972
1163434892
1163499948
1163560636
1163620560
1163681628
1163746436
1163816680
1163876740
1163958460
1164020704
1164083012
1177591336
1177679648
1177741680
1177802312
1177867900
1177928792
1177997308
1178058108
1178123716
1178184988
1178244692
1178326572
1178396928
1178459344
1191955404
1192035264
1192096920
1192157520
1192231012
1192291860
1192351816
1192412276
1192477096
1192545776
1192605608
1192687336
1192749728
1192811836
1206320540
1206409020
1206471500
1206532436
1206597364
1206658100
1206727344
1206788524
1206853708
1206914800
1206975184
1207056780
1207126960
1207189312
1220685800
1220765504
1220827300
1220887984
1220961196
1221022296
1221082312
1221142896
1221208400
1221277820
1221337828
1221419508
1221481804
1221544220
1235051008
1235139488
1235201644
1235262436
1235327544
1235389008
1235457736
1235519244
1235584844
1235645616
1235705476
1235787220
1235858756
1235921088
1249415732
1249495652
1249557652
1249618464
1249691488
1249752532
1249812412
1249872592
1249937628
1250006800
1250066496
1250148252
1250210960
1250272956
1263781436
1263868528
1263930364
1263991232
1264056224
1264116716
1264184608
1264245820
1264310872
1264371760
1264432472
1264514068
1264584080
1264646392
1278146384
1278226008
1278287764
1278348488
1278421628
1278482464
1278542180
1278603264
1278668248
1278736552
1278796236
1278877976
1278940496
1279003380
1292518964
1292606236
1292668164
1292728848
1292793788
1292854476
1292914520
1292982844
1293047864
1293108668
1293168508
1293250104
1293326224
1293388492
1306877192
1306957096
1307018940
1307079604
1307152704
1307213428
1307273996
1307334348
1307399024
1307467400
1307526932
1307608772
1307672248
1307734484
1321249992
1321337472
1321399256
1321460052
1321525164
1321585896
1321646016
1321714208
1321779160
1321840040
1321899800
1321981748
1322052412
1322115700
1335607640
1335687372
1335749100
1335809888
1335883200
1335944068
1336003980
1336064284
1336129664
1336198116
1336258224
1336340184
1336402480
1336464760
1349980640
1350068268
1350129988
1350190532
1350255376
1350315980
1350375944
1350444152
1350509724
1350570648
1350630260
1350711792
1350781704
1350844240
1364338204
1364418064
1364480444
1364541988
1364617060
1364678660
1364738684
1364799232
1364864508
1364932756
1364992596
1365074036
1365136364
1365199360
1378710816
1378798700
1378861228
1378921932
1378986852
1379047532
1379107760
1379177724
1379242792
1379303496
1379363752
1379445100
1379515352
1379577692
1393068408
1393148520
1393210452
1393271272
1393344740
1393405640
1393465396
1393526268
1393591396
1393651988
1393719216
1393801120
1393863792
1393926688
1407441188
1407529620
1407591844
1407652824
1407718092
1407778944
1407838916
1407907388
1407973076
1408033760
1408094112
1408176120
1408246104
1408309268
1421799716
1421879800
1421941560
1422002960
1422076868
1422138572
1422199300
1422260288
1422324836
1422385564
1422453272
1422535120
1422597520
1422659496
1436172828
1436262200
1436324660
1436385244
1436450132
1436510976
1436571736
1436639904
1436704932
1436765896
1436826068
1436908020
1436977916
1437040236
1476349436
1476434348
1476496660
1476557968
1476633448
1476694316
1476754280
1476815392
1476880832
1476941492
1477008920
1477092620
1477154956
1477217668
1479266292
1479355540
1479418000
1479478388
1479543264
1479604356
1479664644
1479733172
1479798472
1479859448
1479919124
1480001720
1480074136
1493624864
1493706996
1493769192
1493829788
1493894892
1493964024
1494024088
1494085208
1494150368
1494211136
1494271064
1494361772
1494424064
1494486916
1507990296
1508071696
1508141720
1508202532
1508267804
1508328432
1508388276
1508448620
1508522128
1508583068
1508642880
1508725484
1508787832
1508858304
1522355888
1522436048
1522497760
1522558204
1522623196
1522693160
1522753504
1522813892
1522878796
1522939492
1522999224
1523090316
1523153260
1523215404
1536720944
1536802388
1536873392
1536934164
1536999908
1537061172
1537121128
1537182328
1537255892
1537316932
1537376892
1537459880
1537522240
1537584520
1551087444
1551168056
1551230076
1551290884
1551356088
1551425100
1551485320
1551546552
1551611488
1551672036
1551732412
1551822616
1551884928
1551947108
1565451356
1565532180
1565603800
1565665236
1565731172
1565792008
1565852400
1565913712
1565986384
1566047112
1566106924
1566189404
1566251640
1566314472
1579816860
1579897632
1579959500
1580019944
1580085608
1580155408
1580215836
1580276216
1580341788
1580403052
1580462780
1580553108
1580615608
1580677836
1594182644
1594263064
1594333800
1594394412
1594459324
1594520116
1594580188
1594640684
1594713508
1594774816
1594834612
1594918064
1594980500
1595043372
1608547928
1608628520
1608690608
1608751308
1608816516
1608886008
1608945920
1609006320
1609071524
1609132776
1609193200
1609284080
1609346396
1609408988
1622917020
1623001560
1623220296
1623286384
1623352832
1623413468
1623473404
1623533880
1623608680
1623669524
1623729288
1623813456
1623876876
1623939408
1637280220
1637363160
1637425196
1637485712
1637551664
1637621388
1637681164
1637741548
1637807156
1637867792
1637927508
1638019424
1638082024
1638144472
1651642992
1651723780
1651794016
1651854880
1651920088
1651981068
1652041044
1652101284
1652174600
1652235768
1652296096
1652378356
1652440624
1652502816
1666008772
1666090336
1666152216
1666212856
1666278132
1666347076
1666407236
1666468240
1666533212
1666593980
1666654308
1666744752
1666807064
1666869536
1680373148
1680453996
1680524024
1680584920
1680649824
1680710816
1680770712
1680831044
1680905188
1680966072
1681026276
1681108480
1681170744
1681233092
1694740228
1694822544
1694885536
1694946148
1695012688
1695082512
1695142372
1695202740
1695268808
1695329472
1695389244
1695479712
1695542348
1695605020
1709103924
1709184672
1709255196
1709316176
1709381440
1709442844
1709502908
1709563404
1709636404
1709697740
1709757420
1709839300
1709901660
1709964208
1723470704
1723552960
1723615116
1723676476
1723741620
1723811456
1723872044
1723932268
1723997200
1724058012
1724117824
1724209092
1724271796
1724334244
1737834444
1737915060
1737976744
1738045532
1738110848
1738171832
1738231800
1738292300
1738364804
1738425552
1738485252
1738568440
1738631080
1738693636
1752199680
1752279776
1752341792
1752402024
1752467628
1752537392
1752597544
1752657940
1752723140
1752783900
1752843636
1752934856
1752997888
1753060140
1766564876
1766645512
1766707472
1766776920
1766842384
1766903196
1766963120
1767023504
1767096696
1767157980
1767218288
1767300100
1767362528
1767425104
1780930580
1781010580
1781072988
1781133708
1781199400
1781268228
1781328948
1781390088
1781455032
1781515752
1781576180
1781666812
1781729360
1781791648
1795295296
1795376008
1795438024
1795507184
1795572576
1795633248
1795693088
1795753508
1795825872
1795886884
1795947308
1796029372
1796092248
1796155020
1809661204
1809742736
1809804592
1809865256
1809930608
1810000280
1810060596
1810121084
1810186224
1810247528
1810307300
1810397424
1810459956
1810522588
1824026524
1824107220
1824169096
1824238628
1824304080
1824365844
1824427040
1824487796
1824560732
1824621688
1824681556
1824763060
1824830208
1824893312
1838391320
1838471364
1838534028
1838594792
1838660392
1838721228
1838790276
1838860136
1838925356
1838986140
1839046584
1839137652
1839200556
1839263328
1852756916
1852837000
1852898816
1852968028
1853033352
1853094064
1853154052
1853214616
1853288560
1853349304
1853409328
1853491140
1853553584
1853616240
1867121760
1867201804
1867263536
1867324144
1867389872
1867451120
1867519624
1867579856
1867644760
1867705360
1867765188
1867854468
1867916888
1867979640
1881487328
1881569056
1881631532
1881700864
1881766020
1881827388
1881887476
1881948708
1882021120
1882082172
1882142220
1882223736
1882285948
1882349280
1895852752
1895932508
1895995276
1896055928
1896121544
1896182192
1896251612
1896312848
1896377984
1896438772
1896499140
1896588888
1896651152
1896713696
1910217868
1910297556
1910359236
1910428236
1910493304
1910554284
1910614300
1910675456
1910747724
1910808460
1910868168
1910949752
1911011992
1911074920
1924582496
1924662044
1924723700
1924784572
1924850232
1924911132
1924979160
1925039524
1925104388
1925165172
1925224828
1925314836
1925377460
1925439952
1938947648
1939027552
1939089432
1939158168
1939223148
1939284440
1939344364
1939404952
1939470236
1939538756
1939598560
1939680092
1939742524
1939805420
1953313276
1953394012
1953456632
1953517184
1953582164
1953642936
1953712104
1953773380
1953838168
1953898988
1953959564
1954049964
1954112212
1954174544
1967678208
1967757944
1967819856
1967888632
1967953820
1968014396
1968074272
1968135584
1968201064
1968269368
1968329092
1968410844
1968474020
1968537292
1982043632
1982123400
1982185764
1982246152
1982311004
1982372436
1982441952
1982503248
1982569072
1982630388
1982690124
1982780528
1982842976
1982905352
1996408988
1996488904
1996550772
1996619444
1996684524
1996746020
1996806016
1996867140
1996931876
1997000204
1997059940
1997141580
1997204460
1997266684
2010775048
2010856380
2010918188
2010978784
2011044088
2011105100
2011173572
2011234592
2011299460
2011360220
2011420632
2011511376
2011573744
2011636216
2025138968
2025219336
2025281116
2025350124
2025415360
2025476208
2025536732
2025597796
2025662632
2025732180
2025792456
2025874396
2025936588
2025999000
2039505240
2039585140
2039647144
2039707680
2039773580
2039834316
2039903252
2039964264
2040029508
2040090896
2040150564
2040240248
2040303196
2040365328
2053870128
2053951148
2054013044
2054081968
2054147012
2054207704
2054267632
2054327908
2054392800
2054461296
2054521216
2054602828
2054665780
2054727976
2068235376
2068315084
2068377108
2068438572
2068503724
2068564616
2068634368
2068694872
2068759884
2068820896
2068881124
2068970892
2069033236
2069095972
2082600240
2082679920
2082741728
2082810760
2082875888
2082936900
2082996864
2083057664
2083123200
2083191996
2083251684
2083333636
2083396244
2083458572
2096965880
2097046428
2097108312
2097168864
2097234400
2097295160
2097364152
2097425504
2097490852
2097551740
2097611728
2097701700
2097764872
2097827244
2111330780
2111410816
2111472784
2111541900
2111606936
2111667708
2111727840
2111788140
2111852960
2111921544
2111981432
2112063260
2112125568
2112187692
2125696620
2125777024
2125839452
2125900060
2125965080
2126025832
2126094676
2126155956
2126221128
2126282028
2126342320
2126424392
2126494532
2126557196
2140061260
2140141080
2140202920
2140271888
2140337004
2140397672
2140457508
2140518712
2140583916
2140652184
2140711792
2140793780
2140856080
2140919064
2154426640
2154506488
2154569268
2154629908
2154694908
2154755664
2154825184
2154885636
2154951260
2155012720
2155072772
2155154732
2155224968
2155287664
2168792492
2168872124
2168934060
2169003036
2169068168
2169128796
2169188836
2169249076
2169314368
2169382924
2169442700
2169524504
2169587672
2169649812
2183157316
2183237764
2183300324
2183360736
2183425700
2183486272
2183554732
2183615284
2183680088
2183740520
2183800128
2183881848
2183952392
2184014908
2197522140
2197602208
2197664060
2197733388
2197798620
2197859452
2197919300
2197980440
2198045968
2198115488
2198175584
2198257608
2198320056
2198382356
2237329376
2237419868
2237481820
2237542356
2237607932
2237668720
2237736404
2237797300
2237863240
2237924164
2237984092
2238066452
2238137316
2238199804
2240617292
2240697000
2240759040
2240828184
2240892676
2240953360
2241013484
2241074056
2241138844
2241208052
2241267936
2241350248
2241412552
2254982964
2255070688
2255132784
2255193784
2255258924
2255319644
2255379548
2255448980
2255514008
2255575004
2255634852
2255717684
2255780288
2255850476
2269348176
2269428600
2269491056
2269551788
2269625920
2269687372
2269747280
2269808324
2269873664
2269935052
2270002864
2270085480
2270147820
2270210220
2283721936
2283810800
2283873580
2283934428
2283999184
2284060200
2284120080
2284188636
2284253316
2284314216
2284373808
2284455132
2284517548
2284588796
2298079012
2298159316
2298221588
2298283048
2298356436
2298417320
2298477960
2298538112
2298602796
2298663372
2298731008
2298813672
2298875932
2298938320
2312451516
2312531436
2312601560
2312663304
2312729196
2312790124
2312850452
2312918788
2312983848
2313044712
2313104400
2313186032
2313248296
2313318020
2326809480
2326889240
2326951052
2327011884
2327086932
2327148784
2327208768
2327269236
2327334708
2327396172
2327464076
2327546480
2327609012
2327671528
2341183008
2341262932
2341333944
2341394548
2341459664
2341520948
2341581512
2341649504
2341714696
2341775676
2341835268
2341916860
2341980056
2342050092
2355540016
2355620008
2355682648
2355743232
2355817624
2355878672
2355939304
2355999884
2356065144
2356126248
2356194368
2356276928
2356339316
2356401432
2369913344
2369993120
2370062924
2370124204
2370189648
2370250480
2370310812
2370379724
2370445032
2370505888
2370565512
2370647172
2370709420
2370779896
2384270432
2384350668
2384422676
2384483388
2384556276
2384618252
2384678472
2384738632
2384803304
2384864004
2384931644
2385013516
2385075968
2385138324
2398642804
2398723208
2398793296
2398854652
2398920380
2398981048
2399041424
2399109612
2399174508
2399235436
2399295344
2399376848
2399439268
2399509172
2413000780
2413081240
2413143784
2413204428
2413269568
2413338920
2413399788
2413460968
2413526168
2413587272
2413654808
2413736632
2413799764
2413862080
2427373848
2427453664
2427523800
2427585428
2427651412
2427712108
2427771996
2427840292
2427905408
2427966520
2428026244
2428107872
2428170368
2428240560
2441731528
2441811240
2441873016
2441934184
2441999852
2442068812
2442128556
2442188876
2442253572
2442314336
2442382856
2442464884
2442527368
2442589764
2456103664
2456183320
2456253244
2456313748
2456378916
2456439716
2456499676
2456568564
2456633920
2456695336
2456754924
2456836396
2456898852
2456968908
2470466016
2470549496
2470611936
2470672472
2470737964
2470808280
2470868468
2470928856
2470994504
2471054760
2471122320
2471204840
2471267272
2471330072
2484837756
2484920492
2484991412
2485052192
2485117300
2485177868
2485237660
2485305896
2485370752
2485431544
2485491236
2485573440
2485635748
2485705852
2499192660
2499272388
2499335304
2499395680
2499460824
2499530644
2499591144
2499652496
2499718060
2499778624
2499846080
2499928008
2499991064
2500053452
2513557500
2513637132
2513707884
2513768456
2513833448
2513894292
2513954944
2514015548
2514088312
2514149252
2514209084
2514290584
2514352672
2514424680
2527923104
2528003276
2528065696
2528126268
2528191344
2528261216
2528321740
2528383020
2528447560
2528507796
2528575444
2528657048
2528719188
2528781292
2542287672
2542367060
2542437900
2542498736
2542564664
2542625412
2542685716
2542746800
2542820776
2542881648
2542941824
2543023400
2543085772
2543156468
2556653544
2556733064
2556794860
2556856260
2556922308
2556993452
2557053308
2557113548
2557179008
2557240364
2557308032
2557390448
2557452748
2557515256
2571019576
2571098880
2571168800
2571229380
2571294384
2571355680
2571416316
2571476652
2571550992
2571612436
2571672448
2571753816
2571816004
2571885980
2585384556
2585464048
2585526684
2585587324
2585652508
2585722216
2585782964
2585844020
2585909388
2585970148
2586037652
2586119108
2586181368
2586244440
2599749120
2599828888
2599898880
2599959572
2600025676
2600086408
2600146188
2600206816
2600279572
2600340404
2600400196
2600481856
2600544072
2600614400
2614114520
2614194496
2614257092
2614317676
2614383332
2614452564
2614513268
2614573628
2614638660
2614699208
2614758924
2614848012
2614910176
2614972492
2628479636
2628559268
2628630256
2628690740
2628755844
2628817256
2628877368
2628937920
2629011784
2629073712
2629134156
2629215680
2629278152
2629348736
2642845868
2642926028
2642988392
2643048784
2643113956
2643183260
2643243632
2643303912
2643368504
2643428956
2643488568
2643577784
2643640004
2643702252
2657209964
2657289660
2657360216
2657420908
2657486416
2657546964
2657606884
2657668016
2657742492
2657803720
2657864080
2657945644
2658007696
2658078324
2671575780
2671655116
2671716824
2671777248
2671842356
2671911376
2671971312
2672031632
2672097024
2672158296
2672218028
2672307952
2672370400
2672432768
2685941356
2686021120
2686091432
2686152012
2686216872
2686277428
2686338088
2686398588
2686471044
2686531908
2686591724
2686673096
2686735212
2686809672
2700305924
2700386128
2700448892
2700509520
2700574356
2700644356
2700705128
2700766332
2700831156
2700892188
2700952576
2701041572
2701104452
2701166596
2714672660
2714752036
2714822312
2714883064
2714947968
2715008668
2715068340
2715129032
2715201500
2715262088
2715321764
2715403352
2715465768
2715535900
2729036172
2729115412
2729177212
2729237744
2729303060
2729371752
2729431636
2729491968
2729557320
2729618172
2729678940
2729769112
2729831496
2729893776
2743401784
2743481280
2743552448
2743613032
2743678012
2743738772
2743798824
2743859696
2743934172
2743995388
2744055932
2744137172
2744199356
2744261400
2757767444
2757847556
2757910040
2757970512
2758035460
2758104008
2758164060
2758224424
2758289052
2758349728
2758409972
2758499876
2758567220
2758629180
2772132100
2772211540
2772282032
2772343172
2772407940
2772468728
2772528920
2772590232
2772663520
2772724248
2772783848
2772865348
2772927536
2772990228
2786497324
2786576720
2786638388
2786698620
2786763600
2786832512
2786892468
2786952832
2787018368
2787079580
2787139432
2787228544
2787290696
2787353636
2800863124
2800942564
2801012960
2801073656
2801138520
2801199984
2801260664
2801320948
2801394920
2801456040
2801516508
2801597872
2801660268
2801722496
2815228336
2815308240
2815370208
2815431316
2815496320
2815565252
2815625268
2815685752
2815750704
2815811376
2815871316
2815960848
2816023112
2816085252
2829593244
2829672752
2829743012
2829804340
2829870020
2829931036
2829990824
2830051064
2830124340
2830185076
2830245072
2830326588
2830389624
2830451660
2843958536
2844038832
2844100628
2844161324
2844226976
2844296028
2844355800
2844416060
2844480840
2844541568
2844601340
2844691380
2844753544
2844815840
2858323668
2858403216
2858473716
2858534456
2858599332
2858660792
2858720860
2858781656
2858855232
2858915876
2858975708
2859057244
2859120196
2859182292
2872688964
2872769128
2872831000
2872892140
2872957104
2873027196
2873087716
2873147924
2873212924
2873273516
2873333972
2873424592
2873487544
2873551812
2887054304
2887134648
2887205008
2887265656
2887331028
2887392452
2887452264
2887513192
2887587780
2887648480
2887707928
2887789548
2887851788
2887913924
2901425700
2901904324
2901968572
2902029776
2902096432
2902168916
2902228876
2902289260
2902355520
2902416188
2902485640
2902579256
2902642332
2902705636
2915796768
2915878872
2915949472
2916010480
2916076036
2916137016
2916196984
2916257324
2916330924
2916392400
2916452668
2916534892
2916597492
2916659860
2930150756
2930231804
2930294476
2930355292
2930420504
2930490452
2930550412
2930610892
2930675808
2930736548
2930796960
2930887428
2930949824
2931012000
2944515960
2944596340
2944658352
2944728560
2944793648
2944854524
2944914380
2944974816
2945047812
2945108832
2945169228
2945251240
2945313524
2945375852
2958880976
2958961420
2959024000
2959084512
2959149612
2959219764
2959279612
2959340808
2959406396
2959467056
2959527576
2959617940
2959680296
2959742576
2987188416
2987493828
2987563352
2987638268
2987706324
2987879116
2988086652
2988152172
2988229112
2988290288
2988494500
2988620900
2988684420
2988748368
3001989244
3002311240
3002555760
3002756808
3002969868
3003228428
3003476672
3003687164
3003890316
3003953832
3004162636
3004444632
3004694228
3004907412
3016402148
3016575140
3016639552
3016907132
3017121624
3017289084
3017540256
3017707568
3017966188
3018137580
3018290720
3018606956
3018764404
3019030820
3030837820
3031060060
3031317136
3031524940
3031729108
3031896108
3032159256
3032365740
3032576948
3032744068
3032988800
3033231976
3033380652
3033640032
3045308928
3045534444
3045732516
3045952444
3046169072
3046367332
3046564084
3046771892
3046998568
3047207036
3047418844
3047629108
3047893440
3048101940
3059682588
3059893600
3060162416
3060411036
3060623732
3060821332
3061030684
3061230760
3061393072
3061540440
3061794544
3062075484
3062282220
3062445152
3062763720
3062967204
3063327760
3063537124
3063701280
3063812388
3063872336
3063933884
3064292640
3064496988
3064664312
3064990512
3065208452
3065410056
3065738764
3065941120
3073941928
3074196012
3074404944
3074603476
3074817720
3075016168
3075184580
3075363768
3075608220
3075815632
3075982880
3076254632
3076500040
3088338500
3088626508
3088832348
3089032132
3089248952
3089461576
3089712076
3089911096
3090125236
3090322984
3090523192
3090718964
3090784384
3090990280
3102670960
3102957116
3103217196
3103367380
3103629236
3103896892
3104054688
3104118304
3104346400
3104501152
3104705036
3105029320
3105228544
3105439416
3116993520
3117309300
3117522444
3117678140
3117746576
3117965812
3118133292
3118378560
3118593136
3118798128
3118995364
3119273444
3119473580
3119684828
3131441792
3131715100
3131927912
3132239660
3132452520
3132650108
3132818984
3133063568
3133281492
3133481980
3133678440
3133954216
3134155500
3134365776
3145858364
3146026056
3146231364
3146491512
3146701368
3146944636
3147114244
3147359064
3147519544
3147785320
3148032756
3148269272
3148478528
3148690448
3160232220
3160461364
3160706804
3160864316
3161132264
3161381508
3161549176
3161762448
3162019704
3162225752
3162430384
3162640668
3162855312
3163067760
3174587512
3174818952
3174969108
3175180848
3175449544
3175663116
3175913316
3176119140
3176331348
3176529440
3176698488
3177011536
3177078092
3177141760
3188919876
3189187364
3189399944
3189650780
3189865312
3190064140
3190233220
3190298636
3190522584
3190720324
3190926668
3191148964
3191360564
3191615196
3203260164
3203485324
3203549872
3203756380
3203962240
3204120648
3204332076
3204590652
3204807332
3205059036
3205263240
3205530296
3205741376
3205949996
3217664620
3217935888
3218138452
3218393356
3218555076
3218821756
3219068908
3219236972
3219496008
3219707412
3219957492
3220170064
3220380032
3220536264
3231974112
3232145840
3232407380
3232656472
3232822984
3233084744
3233306044
3233549388
3233764152
3233961760
3234161788
3234440232
3234648416
3234856284
3246323296
3246405820
3246468204
3246539228
3246605516
3246666628
3246726784
3246787548
3246862244
3246923244
3246983440
3247065692
3247128128
3247190336
3260550632
3260631028
3260693044
3260753652
3260818732
3260879776
3260948860
3261009444
3261075424
3261136300
3261196172
3261286284
3261348852
3261411356
3274917260
3275229480
3275439676
3275653620
3275910468
3276078456
3276285608
3276492472
3276751964
3276900508
3277161920
3277371900
3277582944
3277783996
3289426960
3289681392
3289895448
3290042912
3290258960
3290469964
3290783992
3290951996
3291195288
3291351160
3291613560
3291890788
3292090812
3292260700
3303794764
3304057744
3304256084
3304472852
3304683548
3304892596
3305103484
3305348420
3305477680
3305540648
3305739032
3305967876
3306183084
3306392892
3318104908
3318328252
3318543268
3318792640
3318862804
3318924276
3319086932
3319347300
3319556652
3319763728
3319908260
3320149096
3320213696
3320276972
3332575968
3332840876
3333054876
3333309248
3333469680
3333681244
3333940960
3334095076
3334360908
3334613808
3334819232
3335047264
3335213112
3335278776
3346911520
3347231292
3347430144
3347638276
3347761320
3347824568
3347894772
3348013144
3348220220
3348480388
3348627444
3348818420
3348881536
3348944304
3361312716
3361592876
3361837856
3362058404
3362262708
3362473448
3362719948
3362918292
3363125412
3363345124
3363500036
3363828504
3364040496
3364249344
3375640020
3375964680
3376175292
3376386180
3376591248
3376803172
3377061404
3377229008
3377446852
3377694132
3377861164
3378132260
3378347740
3378560504
3390075940
3390343744
3390541032
3390749712
3390915528
3391178628
3391382364
3391549268
3391799388
3391965440
3392228236
3392492788
3392700400
3392862252
3393017320
3404317104
3404631608
3404840928
3405047240
3405258964
3405479012
3405689004
3405896044
3406100276
3406306640
3406380116
3406611084
3406824508
3406984156
3418767120
3419029604
3419253364
3419460392
3419570800
3419632048
3419839200
3420048900
3420299480
3420500536
3420667896
3420929528
3421141488
3421391880
3433098440
3433419144
3433641484
3433851712
3434055876
3434325948
3434532532
3434734952
3434951824
3435195284
3435363084
3435675816
3435834340
3435984300
3447449916
3447776440
3447991044
3448146204
3448412228
3448658680
3448825988
3449069948
3449291104
3449492336
3449636064
3449962008
3450118440
3450434812
3461857612
3462123664
3462334372
3462481880
3462749396
3463001644
3463168732
3463414444
3463626400
3463837760
3464042252
3464317040
3464524820
3464732568
3476234544
3476492044
3476651592
3476824924
3477043596
3477191056
3477445144
3477656520
3477919648
3478124256
3478328504
3478591308
3478804968
3478931684
3490558904
3490878408
3491047208
3491287436
3491449080
3491761912
3491967024
3492134364
3492204636
3492265812
3492325612
3492417016
3492569720
3492830152
3504813068
3505070692
3505293856
3505461732
3505533272
3505683712
3505945692
3506152476
3506321504
3506582596
3506725500
3507042472
3507252628
3507419584
3519414908
3519582016
3519839924
3520028404
3520242964
3520454892
3520601776
3520868440
3521080472
3521281612
3521493568
3521677980
3521743316
3521806204
3533663776
3533990876
3534203796
3534351160
3534619204
3534808376
3535016244
3535226636
3535451924
3535696340
3535863440
3536124192
3536313908
3536528548
3548023644
3548351348
3548551576
3548720824
3548925756
3549195908
3549439280
3549647272
3549859024
3550064400
3550230272
3550442916
3550711100
3550919000
3562382168
3562700804
3562922868
3563170740
3563293884
3563495884
3563702700
3563870348
3564132128
3564341404
3564550864
3564808884
3565012400
3565178784
3576735404
3576817756
3576879956
3576941008
3577006172
3577075648
3577135876
3577196340
3577262004
3577323176
3577383200
3577473564
3577536232
3577598644
3590951632
3591032612
3591104060
3591164800
3591229920
3591290736
3591351176
3591411304
3591484340
3591545016
3591604964
3591687056
3591749652
3591812904
3605316180
3605396656
3605458560
3605519300
3605584580
3605653468
3605713976
3605774472
3605839568
3605900484
3605960140
3606050504
3606113700
3606176948
3619682876
3619764388
3619835328
3619896308
3619962100
3620022988
3620082836
3620142868
3620217692
3620279012
3620338688
3620420952
3620483576
3620546184
3634047484
3634127852
3634189880
3634250820
3634315872
3634384880
3634445648
3634506108
3634570956
3634632364
3634692832
3634782988
3634845876
3634908520
3648412804
3648493672
3648564008
3648625856
3648691024
3648751760
3648812336
3648873224
3648945688
3649006308
3649065888
3649147960
3649210356
3649272520
3662776960
3662857476
3662919504
3662980312
3663045592
3663114792
3663174864
3663236248
3663301916
3663362852
3663423524
3663514124
3663576832
3663639200
3677142604
3677222500
3677292264
3677353164
3677418568
3677479488
3677539220
3677599552
3677672540
3677733232
3677792880
3677875932
3677938584
3678001064
3691507764
3691588036
3691650660
3691711428
3691776872
3691845776
3691905728
3691966556
3692031156
3692091996
3692151752
3692241540
3692308984
3692371904
3705873136
3705953264
3706023576
3706084520
3706149868
3706210664
3706270624
3706330940
3706404228
3706465768
3706526296
3706608460
3706671108
3706733188
3720239100
3720319556
3720381660
3720442328
3720507412
3720576732
3720636616
3720697684
3720763220
3720824072
3720883928
3720973800
3721037092
3721099576
3734603732
3734683988
3734756896
3734818784
3734884332
3734945312
3735005428
3735065964
3735139648
3735200932
3735260680
3735342728
3735405408
3735467784
3748969128
3749049316
3749111400
3749172260
3749237260
3749306420
3749367476
3749427952
3749493284
3749554704
3749614440
3749705048
3749767792
3749830120
3763334616
3763414800
3763485216
3763546112
3763611316
3763672120
3763732164
3763792476
3763865336
3763926276
3763985964
3764067912
3764130428
3764192760
3777699360
3777779936
3777841556
3777902248
3777967428
3778036180
3778097000
3778158228
3778223956
3778284892
3778344872
3778436180
3778498816
3778560996
3792064752
3792144884
3792206896
3792275916
3792341252
3792402204
3792462032
3792522272
3792596596
3792657276
3792717048
3792798900
3792861528
3792923980
3806429696
3806509892
3806572056
3806632988
3806697960
3806767856
3806828804
3806889216
3806954012
3807015368
3807075868
3807166040
3807228528
3807290640
3820795608
3820875428
3820937332
3821006768
3821071960
3821132732
3821192836
3821253216
3821326404
3821387364
3821447944
3821529924
3821592512
3821654852
3835160384
3835240880
3835302660
3835363628
3835428476
3835498160
3835559068
3835620140
3835685048
3835746076
3835805840
3835895852
3835958344
3836020568
3849525388
3849605396
3849667496
3849736704
3849802020
3849862684
3849922360
3849982428
3850055176
3850115740
3850175416
3850257080
3850319632
3850382548
3863890540
3863970348
3864032572
3864093312
3864158204
3864227896
3864288624
3864349768
3864415204
3864476328
3864536336
3864627144
3864689888
3864752044
3878256484
3878336640
3878398760
3878468020
3878533424
3878594180
3878653988
3878714208
3878787160
3878848472
3878908788
3878990536
3879053144
3879115584
3892621684
3892701836
3892763796
3892824600
3892889868
3892950768
3893020248
3893081456
3893146996
3893207832
3893267464
3893357608
3893420088
3893482324
3906986336
3907066844
3907128760
3907198148
3907263364
3907324224
3907384052
3907444124
3907518608
3907580084
3907639752
3907722176
3907784592
3907846852
3921352356
3921432876
3921494920
3921555852
3921621020
3921681968
3921750704
3921811032
3921876456
3921937712
3921998156
3922088168
3922150848
3922213208
3935717404
3935797384
3935859320
3935928416
3935993784
3936054348
3936114396
3936174872
3936247408
3936308264
3936368256
3936450756
3936513016
3936575200
3950082040
3950161920
3950224140
3950284988
3950350808
3950411488
3950481244
3950542568
3950607648
3950668384
3950728712
3950818856
3950881396
3950943736
3964448896
3964528656
3964590576
3964659236
3964724468
3964785448
3964845532
3964905820
3964979116
3965040448
3965100400
3965182324
3965244724
3965307060
3978813076
3978893128
3978955492
3979016232
3979081092
3979141860
3979211616
3979272280
3979337216
3979398656
3979458444
3979548092
3979610816
3979672976
3993179204
3993259908
3993322688
3993392668
3993458220
3993519060
3993579144
3993640060
3993705152
3993775068
3993835416
3993917436
3993980004
3994042192
4007543504
4007623652
4007685592
4007746516
4007811480
4007872168
4007940920
4008001452
4008066804
4008127764
4008187532
4008277232
4008339772
4008403008
4021908584
4021990380
4022052752
4022121860
4022187660
4022249104
4022309776
4022370040
4022435784
4022505728
4022565840
4022647948
4022710476
4022772608
4036274356
4036354544
4036416532
4036477388
4036542452
4036603932
4036672896
4036733360
4036800308
4036861108
4036920892
4037010904
4037073388
4037135564
4050641108
4050722776
4050785876
4050857380
4050919728
4050980444
4051045988
4051106788
4051166668
4051236272
4051302688
4051363640
4051423488
4051505804
4051576456
4051639004
4065004004
4065084136
4065147296
4065208004
4065282180
4065343144
4065403100
4065463400
4065528396
4065597048
4065657128
4065738580
4065801264
4065863864
4079378620
4079469356
4079531488
4079592996
4079658452
4079719180
4079779224
4079847592
4079912608
4079973260
4080033084
4080114928
4080185484
4080247884
4093736084
4093818512
4093880516
4093941872
4094016916
4094077868
4094137648
4094198696
4094264416
4094325212
4094392820
4094475160
4094537772
4094600128
4108107896
4108196268
4108258364
4108319228
4108385312
4108446000
4108506192
4108574544
4108639716
4108700472
4108760308
4108841892
4108913104
4108976252
4122464764
4122544960
4122607880
4122668472
4122743476
4122804336
4122864256
4122924524
4122989964
4123051408
4123120384
4123202180
4123264708
4123326964
4136839268
4136928300
4136990564
4137051316
4137116744
4137177384
4137237280
4137305584
4137370448
4137431000
4137490856
4137572336
4137642440
4137704572
4151195428
4151276072
4151338092
4151398868
4151472972
4151533900
4151593740
4151655012
4151720880
4151781676
4151850584
4151932512
4151994916
4152057076
4165569472
4165658140
4165720148
4165780992
4165846444
4165907332
4165967388
4166036948
4166102680
4166163528
4166223448
4166305492
4166375872
4166438292
4179926012
4180005816
4180068456
4180129176
4180203476
4180265044
4180324932
4180385444
4180451048
4180511940
4180579584
4180662516
4180725296
4180787492
4188316332
4194298492
4194378344
4194440620
4194501364
4194566748
4194627600
4194697100
4194757640
4194822472
4194884192
4194944552
4195035080
4195097896
4195160136
4208653352
4208733160
4208795148
4208865184
4208930484
4208991360
4209051600
4209111984
4209177168
4209247004
4209307528
4209389424
4209452012
4209514264
4223018112
4223098168
4223160148
4223221656
4223287176
4223348020
4223417684
4223479132
4223544756
4223605536
4223665392
4223755332
4223817908
4223880096
4237382552
4237462552
4237524652
4237593872
4237659748
4237721208
4237781280
4237841944
4237907620
4237977472
4238037652
4238119480
4238182036
4238244312
4251748480
4251828744
4251890772
4251952184
4252017704
4252079104
4252148188
4252209540
4252275120
4252336448
4252397012
4252478712
4252549096
4252611460
4266113356
4266193792
4266256476
4266325468
4266390788
4266451460
4266512004
4266573076
4266638256
4266707852
4266768192
4266849952
4266912380
4266974996
4280478292
4280558476
4280620332
4280681040
4280746164
4280806968
4280875124
4280936268
4281002368
4281063460
4281123444
4281205316
4281275636
4281337980
4294843320
4294923124
4294985756
4295054792
4295120732
4295181568
4295241680
4295303064
4295368732
4295438436
4295498772
4295580608
4295643124
4295705456
4309211296
4309294932
4309357244
4309418088
4309483960
4309544884
4309614888
4309675712
4309741136
4309802476
4309862392
4309945560
4310016088
4310078624
4323574032
4323654816
4323717408
4323786844
4323852296
4323913080
4323973264
4324033628
4324098812
4324167432
4324227340
4324309572
4324372288
4324434732
4337938160
4338026516
4338088696
4338149360
4338214848
4338275604
4338344524
4338405836
4338472256
4338533172
4338592848
4338674788
4338745832
4338808332
4342758756
4342837668
4342903936
4342979604
4343040620
4343100576
4343182236
4343245424
4343629424
4343706164
4343797828
4343865992
4343989048
4344165024
4344256040
4344330952
4344395144
4344594392
4344750856
4347081216
4347171032
4347235736
4347301440
4347363420
4347423508
4347514836
4347577996
4347832508
4347898968
4347971820
4348039624
4348148240
4348285084
4348358536
4348427780
4348490820
4348664352
4348809588
4352303672
4352384680
4352447460
4352508368
4352583888
4352644864
4352705000
4352765600
4352831604
4352900976
4352961284
4353043860
4353107644
4366677860
4366758932
4366829560
4366890588
4366956400
4367017488
4367077576
4367138008
4367211712
4367273104
4367333008
4367415420
4367478300
4367551168
4381035660
4381117652
4381180168
4381241072
4381306868
4381376372
4381436500
4381497140
4381562784
4381623788
4381691956
4381774380
4381837872
4381918912
4382000248
4382093308
4382337516
4382520780
4382594876
4382664544
4382727704
4382897856
4383037068
4383128240
4383344848
4383482108
4383554840
4383632596
4383696384
4383858448
4383996248
4384085864
4384261444
4384486092
4384550168
4384675540
4384743560
4384813284
4384881220
4384943740
4385076776
4385146408
4385229064
4385321752
4385412568
4385473096
4385532100
4385591212
4385650344
4385717172
4385776096
4385834936
4385894124
4385953832
4386021916
4386194132
4386267652
4386486896
4386604792
4386864068
4386951824
4387043144
4387106832
4387187644
4387269252
4387339596
4387410272
4387470836
4387533596
4387593428
4387652572
4387719292
4387778292
4387869360
4387942304
4388002836
4388061980
4388129416
4388188420
4388548500
4388624932
4388714396
4388812348
4388979916
4389162284
4389225924
4389358816
4389435584
4389497612
4389565408
4389626856
4389740636
4389809532
4389899704
4389981500
4390068080
4390128744
4390188412
4390247292
4390315888
4390375664
4390434568
4390493324
4390552136
4390618976
4390687144
4390832792
4390903716
4391098020
4391207160
4391411804
4391487668
4391575980
4391638192
4391715000
4391804928
4391873928
4391934708
4391994452
4392055024
4392114724
4392182364
4392241140
4392299696
4392387200
4392457364
4392525180
4392584832
4392643884
4392702676
4393013720
4393088144
4393188604
4393378656
4393445576
4393517204
4393619924
4393797212
4394014336
4394081012
4394153028
4394220012
4394309660
4394468140
4394540420
4394608264
4394671728
4394805168
4394976864
4395163176
4395230204
4395302048
4395396940
4395484208
4395548592
4395610664
4395671864
4395737552
4395798472
4395866784
4395928044
4395994456
4396055436
4396115196
4396200176
4396271316
4396352268
4396515588
4396736352
4396802976
4396884336
4396950340
4397038356
4397176576
4397248928
4397326296
4397390212
4397526732
4397663036
4409763560
4409845012
4409916032
4409977616
4410043212
4410104316
4410164916
4410234796
4410300348
4410361164
4410421608
4410504232
4410566928
4410647892
4410741136
4410830364
4410994992
4411168176
4411240084
4411351272
4411418488
4411479616
4411547396
4411609000
4411730684
4411799776
4411872520
4411953312
4412040208
4412100932
4412168404
4412227592
4412287444
4412346208
4412405120
4412471708
4412530772
4412589640
4412656728
4412803724
4412874616
4413072040
4413180252
4413365516
4413441468
4413534276
4413604820
4413682568
4413763532
4413832412
4413892304
4413952060
4414021060
4414080844
4414139652
4414198472
4414257752
4414352940
4414423196
4414483704
4414543228
4414602076
4414660904
4414931388
4414998492
4415064796
4415153248
4415321288
4415500064
4415563664
4415683084
4415750388
4415811668
4415877752
4415947916
4416060356
4416129336
4416211000
4416291228
4416384672
4416445240
4416505068
4416563824
4416622452
4416681860
4416748532
4416808296
4416867068
4416926156
4416992408
4417133320
4417212360
4417402844
4417509176
4417685724
4417761568
4417860128
4417922400
4417999584
4418079260
4418147812
4418208312
4418276712
4418337240
4418396980
4418455668
4418514324
4418582436
4418668464
4418739132
4418799832
4418858852
4418917884
4418984888
4419231468
4419299004
4419365492
4424128908
4424218588
4424281500
4424342252
4424407616
4424468548
4424528744
4424597920
4424664220
4424725128
4424785060
4424867788
4424938548
4438494228
4438575452
4438638460
4438699444
4438764728
4438834104
4438894460
4438955684
4439021308
4439082392
4439142956
4439233396
4439296076
4439360716
4452859336
4452939948
4453010908
4453071968
4453137764
4453198732
4453258768
4453319292
4453393636
4453454648
4453514600
4453596964
4453659692
4453740564
4453816252
4467224392
4467304788
4467366648
4467427732
4467502016
4467563168
4467623068
4467683552
4467748740
4467809668
4467877524
4467960024
4468022588
4468086844
4481597116
4481685596
4481748076
4481808992
4481874776
4481935428
4481995488
4482064176
4482129560
4482190692
4482250896
4482332860
4482403680
4482473280
4495954436
4496034940
4496096932
4496157680
4496231540
4496292880
4496353308
4496414064
4496479204
4496540148
4496609252
4496691284
4496753812
4496817024
4510328512
4510417604
4510479968
4510541040
4510606656
4510667568
4510728208
4510797340
4510862440
4510923276
4510983428
4511065924
4511137028
4511199768
4524684380
4524764860
4524826828
4524887684
4524961396
4525022460
4525082788
4525143548
4525208684
4525269664
4525337652
4525420028
4525482600
4525545360
4539058152
4539147640
4539209760
4539270568
4539336188
4539397720
4539458168
4539526728
4539591932
4539652812
4539712664
4539794720
4539866116
4539929756
4553414464
4553494812
4553556956
4553617848
4553691876
4553752936
4553813156
4553873920
4553939024
4554000440
4554068948
4554151000
4554213616
4554276340
4567788012
4567876684
4567939168
4568000080
4568065428
4568126340
4568187304
4568256284
4568321472
4568382540
4568442616
4568524776
4568587412
4568658168
4582145828
4582228968
4582292164
