0
162860
305268
444632
583988
724260
863580
1002940
1142508
1282020
1421288
1584316
1723584
1868968
2006840
2158284
2298640
2438836
2579084
2719324
2859600
3000104
3140488
3280688
3420884
3576372
3716672
3858752
3996848
4147724
4288156
4428508
4568852
4709492
4849844
4990236
5130576
5270920
5411260
5564752
5705112
5846380
5984004
6134776
6275272
6415704
6556208
6696888
6837352
6977812
7118236
7258700
7399084
7553200
7693912
7835464
7972684
8123792
8264312
8404704
8544980
8685404
8825668
8966032
9106444
9246788
9386992
9540196
9680672
9821872
9958832
10109688
10250060
10390464
10530916
10671448
10811776
11020672
11161028
11301396
11441856
11595208
11735724
11876952
12014040
12165172
12305692
12446216
12586640
12727084
12867476
13008040
13148468
13289004
13429296
13582368
13722948
13864284
14001416
14152160
14313848
14457932
14598228
14738576
14878720
15019156
15159292
15299564
15439812
15593352
15733904
15875396
16012772
16164824
16305348
16446088
16586692
16727236
16867668
17008112
17148592
17289148
17429448
17582572
17722836
17863980
18001944
18152748
18293076
18433476
18573856
18714112
18854376
18994820
19135052
19275448
19415744
19568784
19709236
19850564
19987816
20139936
20280196
20420420
20560544
20700680
20840884
20981124
21121356
21261564
21401668
21554240
21694536
21835708
21972872
22124040
22264452
22404812
22544960
22685272
22825572
22965956
23106404
23246752
23387160
23539912
23680184
23821336
23958476
24109704
24250228
24390560
24530848
24671224
24811504
24951700
25091956
25232168
25372448
25525112
25665372
25806864
25943968
26094848
26235188
26375548
26515876
26656160
26796340
26936808
27077164
27217460
27357720
27510576
27650980
27792232
27929368
28080440
28220712
28361076
28501404
28641856
28802416
28943076
29083492
29223952
29364284
29517744
29658236
29799588
29937304
30088760
30229604
30370200
30510940
30651624
30792228
30932900
31073432
31214116
31354832
31508056
31648744
31790244
31928116
32078892
32219736
32360460
32500964
32641624
32781912
32922360
33062808
33203316
33343712
33496804
33637304
33778756
33916620
34067436
34208216
34348776
34489140
34629484
34769896
34910488
35050828
35191328
35331628
35484660
35625100
35766460
35904188
36055196
36195764
36336392
36476788
36617124
36757364
36897760
37038128
37178444
37318792
37471852
37612400
37753588
37891484
38042276
38182756
38323048
38463404
38603748
38744064
38884572
39024936
39165344
39305704
39458556
39599204
39740400
39878040
40029352
40169980
40310360
40450768
40591292
40731680
40872152
41012628
41153088
41293600
41446564
41587104
41728524
41866376
42017116
42157900
42298392
42438860
42579340
42719892
42860556
43000916
43160704
43301736
43455076
43595784
43736984
43875384
44026676
44167400
44308024
44448548
44589120
44729620
44870244
45010792
45151532
45292028
45445436
45585944
45727372
45865196
46016648
46157408
46298156
46438900
46579616
46720320
46861072
47001768
47142424
47282992
47436172
47576908
47718748
47856380
48007184
48147812
48288340
48428840
48569472
48710160
48850744
48991384
49131820
49272456
49425556
49566172
49707400
49845312
49996300
50136860
50277416
50418120
50558812
50699376
50839936
50980432
51121024
51261620
51414952
51555700
51697336
51835352
51986364
52127076
52267768
52408340
52549060
52689784
52830376
52971008
53111748
53252440
53406372
53547204
53688588
53826600
53977416
54118028
54258600
54399052
54539640
54680168
54820848
54961424
55102068
55242660
55396400
55536900
55678152
55816016
55966760
56107372
56247972
56388648
56529344
56669956
56810632
56951288
57091868
57232572
57385616
57546284
57687948
57825740
57976332
58116444
58256680
58396816
58537260
58677440
58817736
58957860
59098244
59238472
59391936
59532288
59673576
59811384
59962308
60102644
60243028
60383356
60523636
60663940
60804212
60944460
61084812
61225160
61377972
61518268
61659356
61797200
61947752
62088208
62228540
62368676
62508844
62648988
62789184
62929456
63069672
63210004
63363180
63503580
63644696
63782564
63933124
64073528
64213916
64354232
64494708
64635108
64775452
64915872
65056412
65196772
65349604
65489624
65630756
65768440
65919812
66060152
66200572
66340880
66481216
66621380
66761632
66901988
67042364
67182644
67335752
67476124
67617280
67755084
67905760
68046036
68186232
68326456
68466748
68606760
68747124
68887208
69027568
69167872
69320652
69460908
69602080
69739920
69890992
70031300
70171564
70311788
70451852
70592132
70732452
70872604
71012988
71153288
71306236
71446528
71587804
71725432
71891772
72032748
72173188
72313552
72453960
72594416
72734960
72875424
73016084
73156696
73310168
73450712
73592228
73730292
73881132
74021768
74162236
74302720
74443212
74583644
74724064
74864384
75004860
75145304
75298380
75438880
75580308
75718164
75869304
76010036
76150492
76290936
76431380
76571756
76712324
76852668
76993212
77133740
77286724
77427304
77568648
77706304
77857044
77997752
78138372
78278684
78419216
78559800
78700328
78840836
78981260
79121764
79274524
79414944
79556364
79694212
79840900
79981440
80122024
80262732
80403276
80543868
80684528
80825012
80965704
81106188
81259220
81399796
81541172
81678996
81830084
81970792
82111260
82251868
82392432
82532980
82673548
82814140
82954652
83095132
83248024
83388384
83530080
83679804
83819496
83958988
84098464
84237816
84377296
84516812
84656328
84795772
84935264
85087024
85226728
85368308
85506064
85656772
85797356
85937924
86078324
86236648
86377440
86517700
86657896
86797996
86938272
87091440
87231816
87373248
87510748
87661968
87802868
87943312
88083844
88224272
88364812
88505348
88645968
88786492
88927056
89080012
89220820
89362144
89499772
89650472
89791008
89931540
90072072
90212548
90353232
90493728
90634340
90774768
90915176
91068004
91208496
91349716
91487556
91638564
91779300
91919796
92060472
92200836
92341348
92481704
92622224
92762568
92903008
93055968
93196552
93337788
93475652
93626260
93766872
93907448
94047816
94188300
94341112
94481572
94622984
94760640
94898560
95036636
95174452
95327532
95474860
95617460
95759584
95897136
96035868
96174064
96325060
96465572
96606084
96746320
96886824
97040012
97180592
97321688
97459360
97597024
97735340
97873216
98022800
98168692
98310896
98453120
98591828
98729884
98867476
99018980
99159552
99300200
99440788
99581284
99721640
99862272
100002956
100143468
100283928
100437104
100593268
100734900
100872620
101015156
101161324
101308412
101450928
101593388
101730768
101868564
102006228
102148988
102295296
102441848
102584024
102726564
102863900
103002100
103139672
103291000
103431696
103572140
103712596
103853028
103993580
104134000
104274524
104415016
104555604
104709068
104849660
104991352
105141208
105281244
105420724
105560004
105699288
105838528
105977880
106117264
106256620
106395828
106547776
106687496
106829080
106966392
107103768
107246460
107392724
107535668
107678176
107823948
107966392
108109452
108251912
108394300
108536772
108679184
108821580
108962916
109104044
109245060
109386248
109527396
109668548
109809640
109950680
110091728
110232748
110373852
110514944
110655992
110801168
110942236
111083248
111225396
111366508
111575844
111717056
111858164
111999348
112140056
112281140
112421832
112562692
112703680
112844816
112985624
113126500
113267392
113408084
113548876
113689736
113830456
113971212
114110740
114253548
114393116
114534328
114679248
114822396
114980300
115126480
115268848
115411684
115554224
115696664
115839292
115982232
116124888
116266776
116407864
116548936
116689860
116830788
116971736
117112628
117253468
117394308
117535156
117676188
117816972
117957828
118102564
118243396
118384144
118525044
118665804
118806664
118947516
119088340
119229192
119370164
119510848
119651496
119792128
119932712
120073320
120214080
120354772
120495572
120636264
120776968
120917760
121058392
121198984
121338344
121481072
121620444
121760108
121899564
122038808
122186800
122324100
122462000
122599436
122737332
122878392
123026744
123172380
123315076
123457956
123595984
123733692
123871492
124009368
124146952
124284436
124433276
124570668
124708076
124845488
124983164
125123796
125272168
125417744
125559872
125702360
125839612
125976776
126114224
126257516
126403744
126546140
126688760
126839824
126977260
127114572
127252264
127389772
127526968
127664532
127802132
127939444
128076924
128228132
128365640
128507444
128653616
128796068
128938552
129080940
129241700
129386176
129528728
129671184
129813708
129955172
130096152
130236936
130377812
130518572
130659284
130799916
130940720
131081352
131222064
131362732
131503444
131648444
131789256
131929992
132070684
132211456
132352120
132492844
132633696
132774444
132915120
133055732
133196240
133336948
133477480
133617956
133758592
133899108
134039780
134180388
134320948
134461576
134602292
134742704
134882100
135021388
135164080
135305192
135450084
135593716
135736384
135881992
136024416
136166796
136309360
136451812
136594856
136737048
136879620
137021248
137162236
137302992
137443800
137584408
137725168
137865852
138006576
138147196
138287888
138428640
138569328
138710020
138854788
138995544
139136168
139276736
139417256
139557900
139698624
139839180
139979884
140120336
140328976
140469292
140609828
140750452
140890952
141031608
141172268
141312944
141453524
141594160
141734720
141875016
142015580
142154736
142293820
142436140
142585316
142724468
142863396
143002412
143141568
143280700
143419816
143558780
143713204
143852756
144005276
144144684
144286208
144436308
144576000
144715560
144855000
144994480
145134028
145273492
145412932
145552488
145692080
145843740
145982956
146124368
146261804
146399460
146550564
146691456
146832192
146972828
147113520
147254060
147394756
147535256
147675860
147816360
147969476
148109956
148251424
148388868
148539812
148680320
148820772
148961412
149102080
149242656
149383180
149523860
149664464
149804912
149957752
150098700
150240060
150377452
150528340
150669212
150809916
150950492
151091084
151231628
151372248
151512896
151653560
151794064
151946768
152087200
152228560
152365820
152517112
152657796
152798468
152939060
153079612
153220316
153361088
153501720
153642316
153782892
153935476
154076424
154217960
154355160
154506068
154646772
154787344
154927940
155068452
155208924
155349416
155489800
155630316
155770880
155923644
156064308
156205568
156342696
156493172
156633624
156774220
156914616
157054992
157195228
157335588
157476044
157616456
157756744
157909440
158065924
158207436
158345060
158496380
158636692
158777076
158917188
159057504
159197896
159338268
159478688
159619020
159759476
159912864
160053528
160194768
160332364
160483500
160624160
160764672
160905416
161046168
161186708
161327532
161468144
161608564
161748868
161901556
162042276
162183556
162321232
162472328
162613144
162753552
162893892
163034188
163174796
163315188
163455672
163596112
163736564
163889300
164029932
164171264
164308956
164459472
164600080
164740440
164880740
165021288
165161400
165301692
165442176
165582564
165722844
165875364
166015796
166157124
166294804
166446024
166586816
166727312
166867708
167008192
167148572
167289132
167429544
167569940
167710396
167863240
168003740
168145052
168282992
168434008
168574416
168714796
168855152
168995344
169135680
169275836
169423256
169563588
169703920
169844088
169984440
170124684
170265104
170417908
170558288
170699632
170837560
170975364
171126364
171266808
171407188
171547572
171688044
171828264
171968884
172109360
172249876
172410448
172564352
172705408
172847104
172984704
173136028
173276716
173417272
173557920
173698496
173839224
173979812
174120400
174260888
174401480
174554344
174695204
174836964
174974776
175125748
175266836
175407468
175548328
175689172
175829956
175970708
176111368
176260480
176401288
176554512
176695628
176837292
176975076
177126048
177267116
177407832
177548516
177689320
177830016
177970740
178111464
178252092
178392700
178545728
178686740
178828596
178966276
179117284
179258188
179398824
179539592
179680364
179821084
179961780
180102608
180243296
180383996
180537288
180678272
180819956
180957920
181108628
181249436
181389988
181530948
181671480
181812176
181952752
182093420
182233972
182374660
182527568
182668468
182810144
182948700
183099816
183240644
183381140
183521496
183661960
183802344
183942892
184083292
184224000
184364540
184517372
184657908
184799584
184937288
185087940
185228380
185368844
185509564
185650256
185790912
185931732
186072324
186212716
186353184
186505848
186646400
186803796
186941772
187092712
187233248
187373644
187514016
187654280
187794732
187935224
188075852
188216312
188357064
188510492
188651212
188792500
188930236
189081356
189221880
189362244
189502968
189643500
189784016
189924740
190065272
190205796
190346160
190498952
190639348
190780472
190918316
191069108
191209384
191349604
191489848
191630032
191770392
191910508
192050720
192190864
192331028
192483936
192624400
192765620
192903432
193054116
193194560
193334732
193475208
193615332
193755528
193895816
194036044
194176200
194316608
194469432
194609828
194751212
194889032
195039820
195180336
195320752
195461276
195601716
195742148
195882552
196022860
196163312
196303716
196456548
196597092
196738544
196876224
197026936
197167368
197307880
197448124
197588632
197729000
197869456
198010148
198150584
198290828
198443540
198583980
198725516
198863252
199014116
199154528
199294740
199435016
199575364
199715696
199856184
199996448
200137004
200277488
200430248
200571008
200712324
200849988
201000468
201156624
201297548
201438132
201578616
201719228
201859764
202000428
202141020
202281600
202434532
202575120
202716468
202853692
203004568
203144900
203285460
203426124
203566828
203707588
203847900
203988244
204128708
204269284
204422260
204563188
204704600
204842160
204993184
205133692
205274164
205414940
205555344
205695704
205836072
205976736
206117316
206257776
206410564
206550796
206692128
206829472
206980372
207120716
207260920
207401144
207541388
207681608
207822008
207962388
208102804
208243048
208395724
208536016
208677248
208814784
208965644
209106140
209246356
209386948
209527336
209667764
209808188
209948556
210088688
210229120
210381928
210522436
210663824
210801156
210952244
211092644
211233352
211373900
211514364
211654820
211795236
211935356
212144020
212284120
212436608
212576972
212718296
212855388
213006020
213146884
213287196
213427484
213568060
213708512
213848808
213988992
214129352
214269672
214422608
214563088
214704256
214841484
214992312
215132484
215272980
215413404
215570336
215710836
215851096
215991392
216131612
216271836
216425312
216565860
216707180
216844908
216995588
217136108
217282164
217422384
217562704
217702948
217843128
217983436
218123644
218264084
218416832
218557488
218698756
218836756
218987576
219128404
219268836
219409192
219549640
219689956
219830248
219970564
220110852
220251140
220404040
220544484
220685608
220823456
220974464
221115024
221255412
221396044
221536376
221676760
221817072
221957496
222097896
222238320
222391380
222532196
222673676
222811740
222962376
223102684
223243024
223383356
223523644
223664036
223804172
223944500
224084788
224224836
224377804
224518124
224659668
224797380
224947996
225088240
225228396
225368788
225509220
225649760
225790284
225931152
226071524
226212076
226364792
226505436
226646460
226784332
226935068
227075416
227215604
227355800
227495920
227636168
227776452
227916692
228056820
228197060
228349936
228490392
228631708
228769604
228920456
229060784
229201380
229341820
229482408
229622664
229762988
229918568
230059480
230200100
230353848
230494524
230635840
230773572
230924720
231065488
231206064
231346544
231487236
231627764
231768468
231909104
232049848
232190348
232343136
232483728
232625244
232763280
232914084
233054424
233194928
233335128
233475424
233615696
233755912
233896116
234036440
234176712
234329528
234470148
234611472
234749296
234900468
235041196
235181680
235322304
235462860
235603312
235743768
235884188
236024668
236165220
236318444
236459148
236600496
236738432
236889484
237030188
237170648
237311076
237451408
237592020
237732528
237873032
238013588
238154048
238306912
238447548
238588768
238726892
238877548
239017848
239158120
239298456
239438748
239579376
239719588
239859888
240000552
240140940
240293636
240434148
240575744
240713624
240864756
241005304
241145596
241286184
241426604
241567124
241707548
241848116
241988500
242129104
242282092
242422496
242563684
242713052
242852232
242991556
243130636
243269820
243409012
243548304
243687432
243826652
243965924
244117408
244272004
244413644
244558696
244709656
244850224
244990996
245131740
245272448
245413120
245553800
245694396
245834912
245975556
246128772
246269480
246411056
246548820
246699892
246840516
246981344
247121836
247262384
247403048
247543580
247684176
247824736
247965172
248118108
248258628
248399868
248537648
248688456
248828772
248969164
249109716
249249976
249390672
249531304
249671808
249812460
249952852
250105680
250246648
250388056
250525768
250676856
250817268
250957988
251098904
251239544
251380212
251520664
251661032
251801232
251941668
252094472
252234884
252376324
252514000
252664888
252805256
252945640
253086036
253226668
253367104
253507604
253648092
253788508
253928884
254081552
254222224
254363712
254501496
254652476
254793132
254933712
255074164
255214444
255355128
255495700
255636192
255776588
255917204
256070104
256210940
256352476
256490256
256641088
256781444
256922064
257062464
257203056
257343644
257484372
257624964
257765756
257906340
258059180
258205196
258346856
258484432
258651704
258792696
258933440
259074144
259214796
259355548
259496224
259636900
259777552
259918236
260071820
260212480
260354060
260491976
260642888
260783616
260924140
261064648
261205016
261345448
261485720
261626108
261766644
261907020
262059684
262200616
262342016
262479748
262631148
262771868
262912424
263052984
263193604
263334132
263474836
263615400
263756088
263896760
264049744
264190616
264332036
264469696
264621088
264761584
264902220
265042536
265182716
265323056
265463376
265603788
265744300
265884704
266037420
266177756
266319312
266456912
266608132
266748676
266889132
267029456
267169816
267310164
267450364
267590668
267731044
267871516
268024300
268164904
268306160
268444048
268594964
268735592
268876096
269016336
269156676
269297040
269437468
269577864
269718172
269858528
270011256
270151500
270292940
270430620
270581332
270721640
270861964
271002384
271142904
271283544
271424048
271564516
271705048
271845400
271998180
272138592
272279968
272417888
272568640
272709056
272849252
273004700
273145680
273286084
273426348
273566792
273707400
273847896
274000940
274141720
274283172
274420776
274572016
274712720
274853248
274993708
275134244
275274760
275415364
275555928
275696472
275836964
275989844
276130280
276271852
276409416
276560644
276701552
276842220
276982744
277123440
277264068
277404784
277545360
277685996
277826664
277979572
278120636
278262000
278399724
278550616
278696268
278836832
278977180
279117792
279258668
279399108
279539632
279679952
279820288
279973188
280113908
280255240
280392904
280543716
280684272
280824556
280965164
281105412
281245692
281386104
281526572
281666828
281807352
281959908
282100604
282242196
282379948
282531088
282671644
282812372
282952876
283093376
283233896
283374344
283514784
283655356
283795900
283948772
284089532
284230924
284368728
284519424
284659944
284800372
284941068
285081476
285222056
285362372
285503056
285643532
285783880
285936736
286077236
286218644
286356476
286507844
286648328
286788780
286929136
287069660
287209976
287365908
287506564
287646976
287787380
287940444
288080828
288222088
288359412
288510636
288650904
288791112
288931248
289071432
289211520
289351668
289491960
289632160
289772400
289925376
290065664
290206780
290344032
290494976
290635176
290775512
290915680
291055876
291196000
291336284
291476468
291616796
291757056
291910284
292050672
292191792
292329236
292479948
292620312
292760544
292900840
293041164
293181480
293321864
293462024
293602352
293742584
293895148
294035380
294176808
294314016
294465384
294605960
294746220
294886356
295026812
295166972
295307100
295447240
295587480
295727712
295880492
296020876
296162132
296299408
296450164
296590904
296731264
296871536
297011884
297152072
297292216
297432452
297572740
297712976
297865504
298005820
298147016
298351296
298502088
298642232
298782728
298922936
299063268
299208140
299348404
299488620
299628788
299769176
299921880
300062248
300203664
300340936
300492012
300632244
300772412
300912496
301052724
301192920
301333120
301473168
301613280
301770120
301923720
302064112
302205444
302343108
302493964
302634112
302774212
302914208
303054156
303194212
303334240
303474348
303614356
303754516
303907668
304047908
304188936
304326844
304477856
304618256
304758496
304898784
305039284
305179644
305320072
305460240
305600700
305740908
305893788
306034572
306175788
306313500
306464552
306605116
306745420
306885624
307026108
307166348
307306656
307446936
307587556
307727816
307880896
308021328
308162604
308300428
308451116
308591724
308732056
308872568
309012844
309153044
309293368
309433604
309573936
309714132
309867052
310007392
310148744
310286520
310437428
310577812
310718128
310858408
310998692
311138980
311279348
311419612
311559872
311700184
311853292
311994008
312135400
312273288
312424800
312565556
312706152
312846812
312987300
313127768
313268344
313408876
313549320
313689704
313842868
313983584
314124820
314262572
314413660
314554076
314694440
314834796
314975056
315115336
315255676
315396064
315536348
315676576
315829528
315969928
316126196
316263924
316415500
316556060
316696448
316836924
316977324
317117916
317258520
317398916
317539520
317680048
317833924
317974840
318116776
318254552
318406480
318547628
318688716
318829560
318970716
319111672
319252800
319393744
319534704
319675980
319829628
319970688
320112300
320249996
320401076
320541792
320682576
320823296
320963896
321104576
321245260
321385960
321526704
321667528
321820504
321961784
322103568
322241368
322393068
322534024
322674776
322815584
322956408
323097308
323238072
323378880
323519716
323660500
323813960
323955264
324097048
324234820
324386468
324527236
324667928
324808680
324949456
325090248
325231004
325371928
325513040
325653856
325807284
325948620
326090380
326228212
326379440
326520584
326661480
326802096
326942860
327083472
327224148
327364736
327505496
327646084
327799372
327940320
328082184
328219844
328370920
328511764
328652516
328793404
328934116
329074752
329215428
329356312
329497080
329637720
329790656
329931580
330073464
330211456
330379128
330522064
330662964
330803580
330944288
331085004
331225760
331366436
331507028
331647744
331801996
331943240
332084916
332222764
332374756
332515796
332656984
332797748
332938668
333079428
333220320
333361296
333502080
333642732
333796048
333937000
334078556
334216220
334367392
334508332
334648928
334789556
334930248
335070852
335211596
335352212
335492992
335633612
335786736
335927804
336069648
336207408
336359048
336500020
336640732
336781524
336922268
337062908
337203784
337344468
337485276
337626060
337779488
337920776
338062292
338200176
338351536
338492384
338633196
338774072
338914772
339055440
339196100
339336792
339477648
339618408
339771780
339912616
340054276
340192452
340343748
340484652
340625424
340766112
340906864
341047604
341188448
341329096
341469864
341610672
341763800
341904656
342046520
342184124
342335748
342476648
342617552
342758240
342898996
343039744
343180456
343321228
343462224
343603132
343756472
343897556
344039488
344177396
344328672
344469676
344610428
344766604
344909056
345049996
345190744
345331468
345472188
345613016
345766740
345907632
346049704
346200232
346339908
346479396
346618912
346758260
346898016
347037392
347176828
347316184
347455700
347607684
347747520
347889176
348026860
348178308
348319220
348459996
348600856
348741464
348882464
349023068
349163884
349304544
349445272
349598320
349739528
349881472
350019124
350170332
350311296
350452036
350592892
350733736
350874568
351015372
351156156
351296908
351437800
351590868
351731864
351873580
352011208
352162508
352303584
352444420
352585240
352726176
352866948
353007780
353149056
353289860
353430940
353584036
353725108
353869940
354007436
354158564
354299456
354440304
354581084
354722088
354863020
355003808
355144724
355285544
355426472
355579436
355720764
355862568
356000488
356151708
356292700
356433492
356574336
356715164
356856012
356996808
357137684
357278464
357419412
357572812
357713964
357855680
357993176
358144164
358286004
358426736
358567624
358709428
358850228
358991036
359189908
359333656
359474728
359629532
359770580
359912760
360051328
360203188
360344092
360485096
360625976
360766760
360907832
361048484
361189128
361329820
361470476
361623668
361764580
361906204
362044212
362195412
362336276
362476968
362617784
362758404
362899080
363039784
363180416
363321008
363461784
363615856
363756780
363898504
364036232
364187680
364328652
364469480
364610280
364750964
364891728
365032580
365173420
365314344
365455148
365608848
365750104
365891848
366029952
366181492
366322340
366462960
366603732
366744408
366885276
367025936
367166784
367307564
367448384
367601744
367742820
367884612
368022424
368173636
368314536
368455316
368596228
368737076
368877756
369018488
369159232
369299928
369440724
369593820
369734900
369876580
370014512
370165944
370306616
370447344
370587976
370728732
370869324
371010052
371150700
371291320
371431912
371585256
371725996
371867516
372005396
372156724
372297528
372438232
372578912
372719716
372860560
373001300
373142232
373283052
373423800
373593652
373735256
373877388
374015236
374166908
374308096
374458496
374599436
374740296
374881180
375022236
375163120
375304060
375444976
375598940
375740008
375881644
376019424
376170956
376312084
376452880
376593716
376734676
376875540
377016336
377157560
377298336
377439104
377592396
377733332
377875040
378013116
378164308
378305468
378446380
378587324
378728144
378869076
379010000
379150940
379291728
379432744
379586240
379727384
379869188
380007088
380158724
380299620
380440500
380581508
380722308
380863488
381004388
381145408
381286564
381427532
381581036
381722368
381864100
382001920
382153204
382294400
382435252
382576176
382716996
382857948
382998916
383139868
383280704
383421680
383575004
383716104
383857792
383995760
384147104
384288108
384428984
384569812
384710668
384851708
384992436
385133476
385274348
385415220
385568752
385710256
385851944
385989792
386141020
386281968
386422836
386563936
386704716
386845780
386986616
387127648
387268596
387409576
387562776
387703912
387861120
388000360
388152016
388292792
388433420
388574240
388714940
388855724
388996352
389137324
389278108
389418952
389572532
389713544
389855436
389993424
390144592
390285116
390425536
390565976
390706456
390846916
390987348
391127860
391268340
391408836
391561976
391702868
391844712
391982792
392134120
392275220
392415968
392556872
392697716
392838696
392979500
393120252
393261076
393402120
393555440
393696472
393837916
393975752
394127244
394268196
394408984
394549688
394690456
394831200
394972132
395112912
395253636
395394344
395547460
395688464
395829980
395968044
396119204
396259988
396400672
396541356
396682108
396822816
396963476
397104200
397244900
397385564
397538536
397679380
397821184
397959012
398110368
398251096
398391720
398532452
398672948
398813504
398954036
399094736
399235356
399376028
399529120
399669860
399811500
399949288
400100664
400241608
400382276
400522952
400663688
400804332
400944976
401085784
401226416
401367116
401520328
401661280
401802964
401940588
402091888
402247080
402388760
402529092
402669324
402809728
402950116
403090484
403230672
403371044
403524220
403664920
403806332
403943896
404094728
404234964
404375432
404515680
404656084
404796252
404936664
405076848
405216964
405357172
405509664
405650268
405791532
405929096
406079760
406220128
406360324
406500456
406640624
406780792
406921236
407061436
407201536
407341804
407494412
407634708
407775856
407913508
408064452
408205304
408345664
408486200
408626960
408767360
408907608
409048048
409188268
409328676
409481336
409621928
409763164
409900620
410051728
410192196
410332756
410473268
410613608
410753912
410894156
411034400
411174572
411314980
411467668
411607956
411749212
411886428
412037300
412177776
412317976
412458284
412598540
412738708
412879028
413019400
413159536
413299744
413452336
413592612
413733772
413871168
414022148
414162536
414302700
414442980
414583308
414723648
414864232
415004496
415144756
415285216
415438244
415578692
415720076
415857416
416008220
416148556
416288644
416429120
416587916
416730056
416869980
417010000
417149824
417290048
417442968
417583344
417724636
417861996
418013148
418153376
418293404
418433340
418573468
418713604
418853640
418993928
419133916
419274024
419426716
419566868
419708100
419845680
419996284
420136696
420276820
420417072
420557464
420697612
420837824
420977844
421118040
421258084
421410616
421551036
421692280
421829920
421981276
422121792
422262184
422402424
422542672
422682868
422822996
422963176
423103228
423243524
423395956
423536336
423677484
423814892
423965484
424105956
424245984
424386084
424526136
424666216
424806348
424946420
425086440
425226372
425379104
425519412
425660556
425797868
425948556
426088748
426228728
426368764
426508716
426648820
426788788
426928828
427068784
427208768
427361268
427501408
427642624
427779904
427930704
428070920
428211128
428351548
428491744
428631884
428771920
428912004
429052112
429192196
429344976
429485236
429626376
429763752
429914752
430054936
430195452
430336024
430476444
430616908
430757528
430898196
431054840
431195452
431348644
431489132
431630528
431768024
431918740
432058976
432199168
432339436
432479652
432619908
432760048
432900284
433040396
433180668
433333336
433473920
433615076
433752652
433903196
434043672
434184156
434324464
434465020
434605320
434745868
434886316
435026748
435167216
435319948
435460620
435601804
435738992
435890140
436030800
436171244
436311716
436451948
436592316
436732600
436873096
437013416
437153916
437306812
437447304
437588668
437726064
437876564
438017032
438157296
438297668
438437912
438578232
438718828
438859180
438999332
439139568
439292536
439433248
439574580
439711948
439862468
440003176
440143348
440283820
440424068
440564532
440704892
440845452
440985796
441126276
441279488
441420296
441561656
441699044
441850072
441990652
442131180
442271632
442411968
442552304
442692876
442833256
442973744
443114140
443267044
443407776
443549108
443686536
443837084
443977604
444117960
444258256
444398576
444538948
444679212
444819496
444959872
445100116
445252900
445408788
445550532
445688024
445839172
445979748
446120348
446260888
446401564
446542000
446682700
446823476
446964252
447105140
447258396
447399344
447540760
447678160
447828720
447969672
448110304
448250840
448391852
448532460
448673272
448814040
448954728
449095292
449248416
449389060
449535760
449673140
449823980
449964936
450105372
450246012
450386724
450527400
450668320
450809008
450949788
451090676
451243772
451384748
451526228
451663844
451814572
451955144
452095788
452236092
452376736
452517036
452657404
452797744
452938088
453078912
453232076
453372576
453513860
453650992
453801820
453942532
454082956
454223464
454363860
454504344
454644844
454785472
454926032
455066540
455219904
455360876
455502328
455639832
455790228
455930576
456070988
456211228
456351736
456492328
456632648
456773144
456913676
457053928
457206700
457347568
457489012
457626288
457768896
457961844
458104496
458246916
458426164
458568676
458711204
458890892
459033848
459176456
459355468
459498216
459641196
459840432
459983472
460121660
460273696
460414508
460554908
460695564
460836140
460976476
461116908
461257272
461397576
461537752
461691052
461831412
461972804
462122604
462261944
462401404
462540592
462679848
462819252
462958732
463097988
463237284
463376624
463528112
463667824
463809228
463946656
464097512
464238032
464378356
464518620
464659004
464799372
464939720
465080124
465220488
465360976
465513664
465654300
465795396
465932804
466083664
466224440
466364892
466505404
466646144
466786504
466926984
467067272
467207656
467348020
467500752
467641684
467782996
467920272
468070984
468211396
468351928
468492136
468632484
468772972
468913380
469053716
469194080
469334436
469487312
469627848
469769020
469906108
470057660
470198348
470338768
470479216
470619668
470760064
470900488
471041236
471181600
471321964
471474844
471615644
471757040
471894504
472045668
472186100
472326448
472466836
472607256
472747692
472888020
473028324
473168680
473309156
473461924
473602640
473744000
473881296
474049316
474192008
474332452
474472980
474613452
474754124
474894624
475035160
475175492
475315948
475469476
475610124
475751392
475889184
476040256
476180868
476321140
476461476
476601732
476742156
476886736
477027140
477167364
477307644
477460516
477601144
477742336
477880184
478031188
478171636
478312112
478452628
478593024
478733516
478873956
479014372
479154804
479295264
479448116
479588752
479730020
479867696
480018656
480159188
480299560
480440100
480580604
480721156
480861384
481001828
481142160
481282880
481435632
481576236
481717692
481855696
482006864
482147580
482288048
482428608
482569160
482709888
482850372
482990988
483131448
483271936
483425096
483565832
483712844
483850748
484001904
484142420
484282900
484423288
484563700
484704200
484844512
484984940
485125308
485265660
485418772
485559444
485700720
485838328
485989248
486129720
486270072
486410504
486550904
486691440
486831856
486972292
487112776
487253312
487406320
487546980
487688376
487826112
487977200
488117896
488258484
488415388
488558040
488698636
488839152
488979744
489120160
489260720
489414444
489555156
489696568
489834684
489985672
490126076
490266472
490406764
490547156
490687604
490827916
490968260
491108712
491249008
491401752
491542388
491683984
491821776
491973052
492113680
492253896
492394272
492534500
492674852
492815128
492955376
493095608
493236132
493389180
493529776
493671024
493808528
493959472
494100088
494240476
494380880
494521164
494661504
494801896
494942404
495082784
495223396
495376136
495516832
495658424
495796312
495947736
496088556
496228940
496369436
496509852
496650476
496790872
496931256
497071552
497212032
497365300
497505968
497647332
497785108
497936000
498076412
498217052
498357616
498497668
498637868
498778080
498918300
499058456
499198744
499351488
499492008
499633204
499770716
499921756
500062200
500202360
500342688
500482924
500623272
500763588
500903944
501044140
501184368
501337220
501477680
501618876
501756768
501907492
502047780
502187984
502328260
502468472
502608752
502749040
502905224
503045896
503186272
503339552
503480000
503621556
503759220
503910180
504050616
504198116
504338304
504478468
504618696
504758916
504899248
505039332
505179604
505332764
505473112
505614540
505752456
505890816
506041608
506181948
506322440
506462700
506602904
506743252
506883496
507023676
507163792
507303976
507456688
507596852
507738376
507876320
508027044
508167552
508307788
508447976
508588328
508728528
508868768
509008984
509149240
509289440
509442776
509583356
509724640
509862668
510013908
510154476
510294812
510435240
510575564
510715824
510856224
510996668
511137060
511277220
511430128
511570632
511711920
511849756
512000776
512141232
512281704
512422092
512562908
512702912
512843364
512983740
513124064
513264516
513417468
513557968
513699504
513837388
513987944
514128436
514268908
514409564
514550100
514690440
514830864
514971220
515111820
515252252
515404980
515545572
515686788
515824764
515975464
516116004
516256688
516397216
516537760
516678212
516818952
516959352
517099804
517256760
517410588
517551600
517693072
517837692
517989048
518129688
518270304
518410776
518551416
518691888
518832652
518973256
519113892
519254364
519406876
519547504
519688716
519826748
519977576
520118180
520258628
520399148
520539704
520680284
520820732
520961136
521101644
521242120
521395032
521535632
521676904
521814900
521965588
522106124
522246716
522387232
522527752
522668092
522808540
522949020
523089604
523229900
523382952
523523568
523664708
523802544
523953760
524094372
524234856
524375176
524515496
524656584
524796964
524937304
525077744
525218220
525371040
525511352
525652680
525790340
525942000
526082576
526222776
526363944
526504392
526644788
526785204
526925652
527065848
527206104
527358736
527499132
527640340
527778028
527929232
528069752
528210104
528350352
528490752
528631444
528771832
528912280
529052604
529192808
529345864
529486624
529627876
529765864
529917348
530057916
530198960
530339704
530480028
530620352
530761360
530901536
531042016
531182776
531335472
531482644
531641552
531779148
531930896
532071696
532212124
532352552
532493720
532634060
532774692
532916760
533057064
533197396
533351132
533491700
533632996
533771084
533922140
534062572
534203832
534344100
534484500
534625012
534765336
534905592
535045884
535186204
535339240
535479696
535621088
535759004
535909784
536050300
536190632
536330888
536471220
536611776
536752300
536892600
537033056
537173376
537326552
537467096
537608356
537746268
537896936
538037360
538177620
538319724
538460060
538600232
538740416
538880572
539020812
539161052
539314128
539454672
539595980
539733856
539884804
540025412
540165820
540306212
540446648
540586988
540727436
540867692
541008248
541148628
541301988
541442564
541583888
541721792
541872940
542013548
542153964
542294360
542434920
542575300
542715676
542856088
542996728
543137104
543290024
543430548
543571972
543709672
543860980
544001724
544142248
544282760
544423212
544563788
544704204
544844524
544984936
545125444
545278372
545418876
545560268
545697980
545848644
546005040
546145808
546286116
546426372
546566744
546707072
546847392
546987800
547128268
547281260
547421700
547562976
547700636
547851540
547991812
548132056
548272356
548412596
548552720
548693072
548833524
548973820
549114156
549267520
549407992
549549116
549686640
549837396
549977740
550118032
550258540
550399000
550539308
550679916
550820268
550960780
551101260
551254292
551394940
551536316
551673988
551824872
551965764
552106200
552246648
552387156
552527544
552668000
552808396
552948852
553089260
553242548
553383216
553524704
553662372
553813580
553954140
554094788
554235096
554375632
554516044
554656624
554796932
554937444
555077900
555231232
555371704
555513048
555650680
555801768
555942260
556082524
556222832
556363140
556503404
556643756
556783960
556924176
557064344
557217436
557357940
557499080
557636940
557787908
557928356
558068820
558209228
558349560
558489828
558630260
558770792
558911392
559051740
559204788
559345468
559486924
559624776
559775616
559916168
560056492
560196788
560353656
560494452
560634868
560775324
560915772
561056188
561209440
561349892
561491316
561629104
561780052
561920516
562060908
562201264
562341740
562482128
562622628
562763128
562903524
563043884
563196524
563337188
563478556
563616584
563767680
563908260
564048916
564189236
564329756
564470144
564610772
564751184
564891568
565032112
565185192
565325772
565466980
565605096
565756264
565896696
566037232
566177708
566318096
566458528
566599208
566739756
566880300
567020780
567173496
567314220
567455528
567593436
567745036
567885676
568026168
568166632
568307116
568447528
568587988
568728376
568868868
569009260
569162216
569302716
569443972
569581824
569732824
569873320
570013776
570154196
570294508
570434868
570575236
570715540
570855912
570996316
571149052
571289512
571430848
571568476
571719692
571860220
572000500
572140772
572281072
572421684
572562068
572702432
572842800
572982988
573135764
573276200
573417652
573555168
573706792
573847168
573987516
574127764
574268052
574408300
574548576
574704172
574845160
574985452
575138600
575278884
575420204
575557704
575708660
575848960
575989200
576129476
576269668
576409908
576550384
576690592
576830984
576971112
577123820
577264204
577405468
577542976
577694068
577834352
577974712
578115024
578255308
578395548
578535768
578676140
578816460
578956696
579109384
579250092
579391592
579528888
579680000
579820384
579960756
580101020
580241424
580381616
580521888
580662052
580802204
580942352
581095424
581235692
581376932
581514380
581664824
581805284
581945636
582086060
582226324
582366604
582507104
582647432
582787872
582928308
583081208
583221840
583363136
583500344
583651260
583791676
583932080
584072344
584212612
584352908
584493328
584633600
584774072
584914328
585067420
585207880
585349228
585486680
585705848
585846324
585986752
586127296
586267592
586407912
586548208
586688556
586828872
586969208
587122156
587262712
587404008
587541516
587692280
587832844
587973260
588113604
588254116
588394392
588534820
588675180
588815580
588955840
589141492
589282876
589424720
589562448
589713912
589854312
589994664
590134796
590275072
590415400
590555696
590696180
590836348
590976556
591129644
591270016
591411416
591549496
591700692
591841404
591982032
592122740
592263288
592404016
592544432
592684980
592825640
592966452
593119644
593260272
593401660
593539516
593690608
593831016
593971532
594111944
594252228
594392460
594532916
594673212
594813556
594953708
595106328
595246712
595387868
595525516
595676532
595817048
595957308
596097528
596237904
596378172
596518472
596658764
596799092
596939332
597079580
597219776
597373128
597513764
597654928
597792540
597943456
598083996
598224432
598364704
598505184
598645564
598785924
598926348
599066844
599207236
599360260
599500736
599641904
599779880
599930980
600071348
600211480
600351600
600491864
600631984
600772332
600912532
601052836
601193220
601345852
601486148
601627640
601765340
601916400
602056808
602197088
602337160
602477340
602617368
602757584
602897704
603037996
603178180
603349404
603491980
603633364
603771236
603922384
604062840
604203192
604343400
604483636
604623776
604763952
604904116
605044572
605184748
605338316
605478728
605620028
605757984
605908992
606049444
606189692
606329776
606469948
606610448
606750664
606891004
607031120
607171216
607323968
607464388
607605616
607743528
607894400
608034912
608175148
608315428
608455548
608595712
608735904
608876252
609016412
609156672
609309748
609450240
609591388
609729236
609880356
610020736
610161196
610301584
610441944
610582140
610722424
610862816
611003136
611143464
611296552
611437080
611578380
611716136
611867372
612007700
612147908
612287940
612428132
612569180
612709392
612849556
612989696
613129776
613282548
613428972
613570396
613708296
613858932
613999136
614139372
614279836
614420300
614560728
614700932
614841192
614981364
615121484
615274140
615414328
615555808
615693736
615839516
615989884
616130452
616270668
616410820
616551144
616691540
616831728
616971992
617112184
617252408
617405076
617545416
617686596
617839476
617990616
618131240
618271816
618412268
618552696
618693468
618834008
618974712
619115236
619256024
619409648
619550136
619691764
619829632
619980224
620120572
620261092
620401264
620541572
620681748
620821928
620962108
621102296
621242712
621395476
621536076
621677836
621815668
621966572
622107088
622247592
622387928
622528332
622668620
622808920
622949328
623089708
623230272
623383136
623523884
623665332
623803192
623953792
624094560
624235016
624375544
624516228
624657216
624797820
624938380
625078912
625219528
625372536
625513312
625654772
625792464
625943480
626084076
626224616
626365064
626505492
626645896
626786312
626926752
627067356
627207912
627360464
627501084
627642464
627780100
627930956
628071420
628211788
628352316
628492768
628633276
628773740
628914104
629054500
629194860
629347648
629488108
629629488
629767288
629917828
630058316
630198608
630338920
630479148
630619524
630759728
630900068
631040324
631180648
631333552
631474264
631615776
631753448
631904136
632044636
632200816
632341644
632481692
632622012
632762308
632902628
633042820
633183048
633336392
633477136
633618372
633755892
633907088
634047468
634187856
634328292
634468556
634608952
634749188
634889672
635030112
635170468
635324028
635464572
635606172
635744264
635895140
636035628
636176064
636316572
636457116
636597852
636738356
636878720
637019040
637159528
637312752
637453508
637595152
637732612
637883904
638024376
638164776
638305128
638445644
638598716
638739244
638880980
639018628
639156580
639294360
639432072
639580840
639726928
639869732
640011908
640149640
640287640
640425444
640576612
640717252
640857576
640997844
641138140
641291212
641431696
641573072
641711000
641848884
641986840
642124764
642273700
642419468
642561988
642704436
642842588
642980196
643117928
643268584
643409004
643549272
643689544
643829792
643970060
644110332
644250808
644391040
644531276
644683960
644824240
644965544
645115368
645254624
645393780
645532876
645672008
645811104
645950348
646089432
646228664
646367904
646536620
646676088
646817672
646955144
647105756
647246304
647386452
647534612
647674880
647815004
647955408
648095616
648235808
648375900
648529288
648669804
648811124
648948780
649086256
649229420
649375488
649521388
649664068
649806636
649944064
650081648
650218952
650361660
650507500
650653564
650795992
650938420
651076012
651213400
651350616
651493036
651638912
651800604
651943036
652088960
652231456
652374228
652516692
652659412
652801900
652944576
653087432
653229512
653370628
653511560
653652532
653793320
653934208
654074916
654215608
654361532
654502664
654643300
654784032
654924728
655069688
655210436
655351280
655492164
655632892
655773836
655914956
656055864
656196764
656337492
656478312
656618936
656759492
656900136
657040712
657181312
657321924
657462480
657603112
657743636
657884276
658024980
658165696
658305052
658447956
658587364
658728244
658873072
659015552
659158044
659304392
659446832
659589520
659731692
659874284
660016888
660159388
660302460
660443984
660584964
660725928
660885636
661026956
661168076
661308924
661449660
661590500
661731284
661872088
662012836
662153784
662298724
662439708
662580624
662721408
662862268
663003224
663144220
663285160
663426080
663566988
663707656
663848584
663989256
664129864
664270632
664411444
664552308
664693104
664833952
664974788
665115392
665256072
665396752
665536192
665679244
665818576
665958000
666097404
666236736
666384896
666522540
666660496
666798088
666935632
667076592
667224780
667370344
667512500
667654668
667792068
667930244
668068408
668206128
668343740
668481496
668627792
668769920
668908000
669045800
669183832
669321728
669460100
669597972
669735804
669873896
670011848
670163684
670301564
670443372
670591668
670729948
670867808
671005668
671143372
671284504
671432608
671578092
671720408
671863364
672000864
672138464
672276128
672427268
672567856
672708324
672848760
672989172
673129904
673270236
673411048
673551412
673691884
673845044
673985804
674127364
674264928
674402708
674545340
674691712
674833952
674976128
675122024
675279724
675468052
675659172
675851208
676035100
676231664
676416120
676612000
676802192
676993164
677177136
677366796
677557440
677745936
677936052
678124800
678294224
678435392
678576020
678716544
678861476
679001948
679142456
679283024
679423528
679564072
679704544
679845164
679985724
680126164
680266628
680406816
680547064
680687800
680828088
680968600
681108932
681249272
681389756
681530092
681670500
681810848
681951016
682090164
682229176
682371788
682512536
682657408
682800232
682942648
683088276
683230784
683373160
683515740
683658648
683801552
683944164
684086764
684228484
684369396
684510024
684650632
684791276
684931860
685072508
685213096
685353568
685494096
685634688
685775260
685915812
686060528
686201016
686341552
686482144
686622976
686763564
686904288
687045004
687185712
687326120
687466936
687607636
687748244
687888696
688029412
688169980
688310380
688458580
688599140
688739484
688880028
689020428
689160912
689300232
689439488
689598388
689748896
689888652
690028104
690167360
690306592
690445576
690584656
690723708
690862752
691001844
691155144
691294420
691435640
691585156
691724392
691863516
692002580
692141604
692280632
692419548
692558660
692697712
692836704
692988592
693128020
693269372
693407136
693557772
693698004
693838292
693978544
694118728
694259224
694399444
694539732
694679880
694820132
694973168
695113572
695254748
695392448
695530204
695681132
695821504
695961644
696101740
696241808
696381896
696521984
696662020
696802268
696942316
697095448
697235904
697377088
697514364
697665188
697805468
697945612
698085864
698226144
698366248
698506500
698646732
698786948
698927036
699080184
699220604
699362012
699499440
699650376
699790564
699930680
700070904
700211072
700351084
700491552
700631668
700771692
700911792
701064956
701205616
701346856
701484552
701635584
701776036
701916228
702056420
702196556
702336628
702476692
702617140
702757316
702897404
703050416
703190884
703332088
703469452
703620532
703760732
703916472
704058948
704199380
704339512
704479612
704619760
704759948
704899964
705053116
705193480
705334820
705472412
705623384
705763632
705903908
706044068
706184248
706324408
706464532
706604700
706744896
706885024
707037768
707178200
707319296
707457032
707607540
707747780
707888016
708028152
708168328
708308364
708448676
708588828
708728988
708869056
709021728
709161888
709303240
709441000
709591872
709731892
709872052
710012048
710152084
710292100
710432188
710572196
710712244
710852380
711005004
711145348
711286640
711424084
711574956
711715428
