SF:/root/xen/xen/arch/x86/hvm/irq.c
(314, 143)
(316, 143)
(318, 138)
(319, 138)
(322, 143)
(328, 143)
(329, 143)
(540, 5000)
(541, 155)
(553, 142)
(558, 142)
(585, 142)
SF:/root/xen/xen/arch/x86/hvm/vlapic.c
(84, 4988)
(90, 4988)
(91, 4988)
(93, 4988)
(110, 4988)
(112, 4988)
(114, 4988)
(1055, 5)
(1058, 5)
(1060, 5)
(1061, 5)
(1316, 4988)
(1319, 4988)
(1320, 4988)
SF:/root/xen/xen/arch/x86/hvm/vpt.c
(39, 1)
(41, 1)
(45, 1)
(47, 1)
(48, 1)
(50, 1)
(52, 1)
(53, 1)
(57, 1)
(59, 1)
(362, 5000)
(363, 5000)
(455, 142)
(461, 142)
SF:/root/xen/xen/include/asm/bitops.h
(295, 1)
(335, 1)
(337, 1)
(465, 384)
(469, 4988)
SF:/root/xen/xen/arch/x86/hvm/hvm.c
(462, 1)
(466, 1)
(468, 1)
(469, 1)
(478, 1)
(1759, 1)
(1762, 1)
(1766, 1)
(1767, 1)
(1771, 1)
(1779, 1)
(1816, 1)
(1823, 1)
(1825, 1)
(1828, 1)
(2019, 1)
(2042, 1)
(2550, 1)
(2561, 1)
(2565, 1)
(2573, 1)
(2576, 1)
(2578, 1)
(2586, 1)
(2595, 1)
(2596, 1)
(2602, 1)
(2610, 1)
(2613, 1)
(2614, 1)
(2681, 1)
(2686, 1)
(2687, 1)
(3239, 2)
(3248, 2)
(3250, 2)
(3252, 2)
(3280, 16)
(3281, 16)
(3282, 16)
(3285, 16)
(3287, 16)
(3296, 16)
(3301, 16)
(3307, 16)
(3308, 16)
(3309, 16)
(3310, 16)
(3311, 16)
(3320, 2)
(3324, 2)
(3342, 2)
(3348, 2)
(3349, 2)
(3351, 2)
(3353, 2)
(3356, 16)
(3362, 16)
(3371, 16)
(3372, 16)
(3374, 16)
(3376, 16)
(3378, 16)
(3379, 16)
(3399, 16)
(3402, 16)
(3403, 16)
(3404, 16)
(3405, 16)
(3406, 16)
(3435, 2)
(3439, 2)
(3482, 2)
(3486, 2)
(3492, 2)
(3493, 2)
(3520, 1)
(3522, 1)
(3524, 1)
(3525, 1)
(3901, 155)
(3905, 155)
(3907, 155)
(3915, 155)
(3916, 155)
(3919, 142)
(3921, 142)
(3924, 142)
(3928, 142)
(5226, 1)
(5229, 1)
(5231, 1)
(5233, 1)
(5235, 1)
(5236, 1)
(5250, 1)
(5251, 1)
(5252, 1)
(5267, 1)
(5274, 1)
(5284, 1)
(5290, 1)
(5291, 1)
(5293, 1)
SF:/root/xen/xen/arch/x86/hvm/vmx/intr.c
(71, 155)
(75, 155)
(77, 155)
(86, 155)
(110, 155)
(112, 150)
(113, 150)
(115, 155)
(150, 155)
(155, 155)
(169, 155)
(172, 155)
(175, 155)
(180, 155)
(184, 155)
(190, 155)
(275, 155)
(278, 155)
(279, 155)
(301, 155)
(308, 155)
(310, 155)
(311, 155)
(316, 142)
(318, 1)
(319, 1)
(323, 142)
(324, 142)
(326, 142)
(330, 142)
(334, 142)
(405, 142)
(406, 142)
(407, 142)
(411, 142)
(412, 142)
(416, 142)
(417, 142)
SF:/root/xen/xen/arch/x86/hvm/vmx/vmx.c
(566, 2)
(568, 2)
(571, 2)
(572, 2)
(953, 2)
(959, 2)
(962, 2)
(966, 2)
(967, 2)
(968, 2)
(970, 2)
(988, 1)
(999, 1)
(1015, 1)
(1017, 1)
(1018, 1)
(1019, 1)
(1020, 1)
(1021, 1)
(1048, 1)
(1050, 1)
(1051, 1)
(1057, 1)
(1058, 1)
(1061, 1)
(1358, 6)
(1364, 6)
(1749, 5)
(1752, 5)
(1762, 5)
(1763, 5)
(1764, 5)
(1765, 5)
(1776, 5)
(1778, 5)
(1780, 142)
(1782, 142)
(1785, 142)
(1796, 142)
(2818, 1)
(2823, 1)
(2824, 1)
(2827, 1)
(2832, 1)
(2833, 1)
(2836, 1)
(2842, 1)
(2844, 1)
(3621, 1)
(3623, 1)
(3627, 1)
(3640, 1)
(3641, 1)
(3642, 1)
(3643, 1)
(3644, 1)
(3647, 1)
(3663, 1)
(3666, 1)
(3667, 1)
(3668, 1)
(3675, 1)
(3676, 1)
(3681, 1)
(4476, 2)
(4478, 2)
(4479, 2)
(4480, 2)
(4547, 1)
(4548, 1)
(4549, 1)
(4550, 1)
(4552, 2)
(4553, 2)
(4555, 2)
(4556, 2)
(4684, 1)
(4918, 3)
(4924, 3)
SF:/root/xen/xen/include/asm/system.h
(173, 4)
(240, 2)
(282, 143)
(283, 143)
SF:/root/xen/xen/include/asm/hvm/nestedhvm.h
(39, 6)
SF:/root/xen/xen/include/asm/p2m.h
(530, 16)
(535, 16)
(536, 16)
SF:/root/xen/xen/include/xen/pdx.h
(34, 16)
(35, 16)
SF:/root/xen/xen/arch/x86/cpu/common.c
(157, 1)
(159, 1)
(160, 1)
(162, 1)
(171, 1)
(173, 1)
(175, 1)
(180, 1)
(196, 1)
(198, 1)
(202, 1)
SF:/root/xen/xen/include/asm/msr.h
(83, 1)
(84, 1)
SF:/root/xen/xen/include/xen/sched.h
(1085, 1)
(1132, 2)
SF:/root/xen/xen/arch/x86/hvm/hpet.c
(72, 4)
(74, 4)
(76, 4)
(77, 4)
(112, 4)
(115, 4)
(117, 4)
(125, 4)
(126, 4)
(147, 4)
(150, 4)
(165, 4)
(169, 4)
(173, 4)
(179, 4)
(181, 4)
(187, 4)
(189, 4)
(190, 4)
(194, 4)
(196, 4)
(197, 4)
(202, 4)
(203, 4)
(206, 4)
(207, 4)
(572, 5)
(574, 5)
SF:/root/xen/xen/arch/x86/hvm/intercept.c
(35, 5)
(40, 5)
(42, 5)
(46, 1)
(47, 1)
(48, 4)
(54, 4)
(57, 4)
(59, 4)
(117, 4)
(120, 4)
(121, 4)
(125, 4)
(127, 4)
(129, 4)
(130, 4)
(132, 4)
(133, 4)
(134, 4)
(137, 4)
(159, 4)
(205, 4)
(207, 4)
(223, 5)
(225, 5)
(228, 5)
(231, 5)
(233, 5)
(234, 5)
(235, 5)
(237, 5)
(238, 5)
(240, 5)
(247, 4)
(253, 4)
(255, 4)
(258, 4)
(260, 4)
(261, 4)
(334, 5)
(338, 5)
(345, 5)
(347, 5)
(350, 1)
(351, 1)
SF:/root/xen/xen/arch/x86/hvm/stdvga.c
(517, 5)
(520, 5)
(527, 5)
(528, 5)
SF:/root/xen/xen/arch/x86/hvm/vioapic.c
(48, 5)
(53, 5)
(55, 5)
(57, 5)
(58, 1)
(386, 5)
(388, 5)
SF:/root/xen/xen/include/xen/ioreq.h
(62, 5)
(63, 5)
(67, 5)
(69, 5)
(71, 5)
(72, 5)
(73, 5)
(78, 1)
(79, 1)
SF:/root/xen/xen/arch/x86/hvm/emulate.c
(44, 4)
(49, 4)
(50, 4)
(156, 4)
(160, 4)
(161, 4)
(163, 4)
(164, 4)
(167, 4)
(170, 4)
(174, 4)
(181, 4)
(187, 4)
(215, 4)
(228, 4)
(239, 4)
(241, 4)
(242, 4)
(244, 4)
(250, 4)
(251, 4)
(253, 4)
(255, 4)
(256, 4)
(257, 4)
(352, 4)
(354, 4)
(357, 4)
(358, 4)
(360, 4)
(362, 4)
(363, 4)
(369, 4)
(375, 4)
(377, 4)
(380, 4)
(382, 4)
(385, 4)
(537, 4)
(544, 4)
(831, 1)
(844, 1)
(850, 1)
(873, 1)
(874, 1)
(877, 1)
(894, 1)
(896, 1)
(899, 1)
(924, 4)
(928, 4)
(933, 4)
(940, 4)
(951, 4)
(952, 4)
(959, 4)
(970, 4)
(972, 4)
(973, 4)
(974, 4)
(978, 4)
(979, 4)
(983, 4)
(984, 4)
(985, 4)
(987, 4)
(1008, 1)
(1014, 1)
(1023, 1)
(1027, 4)
(1030, 4)
(1032, 4)
(1033, 4)
(1035, 4)
(1036, 4)
(1038, 4)
(1054, 4)
(1058, 4)
(1059, 4)
(1060, 4)
(1063, 4)
(1066, 4)
(1069, 4)
(1071, 4)
(1072, 4)
(1085, 4)
(1086, 4)
(1089, 4)
(1090, 4)
(1091, 4)
(1093, 4)
(1111, 4)
(1124, 4)
(1126, 4)
(1128, 4)
(1133, 4)
(1138, 4)
(1141, 4)
(1142, 4)
(1145, 1)
(1149, 1)
(1150, 1)
(1153, 1)
(1171, 1)
(1172, 1)
(1174, 1)
(1183, 4)
(1184, 4)
(1187, 4)
(1189, 4)
(1252, 1)
(1264, 1)
(1266, 1)
(1268, 1)
(1271, 1)
(1273, 1)
(1276, 1)
(1279, 4)
(1289, 4)
(1292, 4)
(1297, 1)
(1307, 1)
(1313, 1)
(1314, 1)
(1340, 4)
(1341, 4)
(1683, 4)
(1690, 4)
(1692, 4)
(1693, 4)
(2113, 1)
(2120, 1)
(2122, 1)
(2125, 1)
(2127, 1)
(2623, 1)
(2627, 1)
(2628, 1)
(2638, 1)
(2640, 1)
(2641, 1)
(2646, 1)
(2649, 1)
(2651, 1)
(2652, 1)
(2655, 1)
(2662, 1)
(2664, 1)
(2666, 1)
(2667, 1)
(2668, 1)
(2669, 1)
(2670, 1)
(2683, 1)
(2686, 1)
(2689, 1)
(2691, 1)
(2692, 1)
(2695, 1)
(2697, 1)
(2698, 1)
(2701, 1)
(2704, 1)
(2711, 1)
(2717, 1)
(2720, 1)
(2724, 1)
(2838, 1)
(2843, 1)
(2845, 1)
(2847, 1)
(2848, 1)
(2849, 1)
(2850, 1)
(2852, 1)
(2853, 1)
(2854, 1)
(2855, 1)
(2856, 1)
(2858, 1)
(2863, 1)
(2865, 1)
(2867, 1)
(2869, 1)
(2878, 1)
(2880, 1)
(2885, 1)
(2886, 1)
(2891, 1)
(2894, 1)
(2895, 1)
(2900, 1)
(2901, 1)
(2902, 1)
(2908, 1)
(2909, 1)
(2911, 1)
(2916, 1)
(2919, 1)
(2926, 1)
(2932, 1)
(2938, 1)
(2941, 1)
(2942, 1)
(2943, 1)
(3008, 2)
(3010, 2)
(3012, 2)
(3013, 2)
(3014, 2)
(3016, 2)
(3019, 2)
(3023, 2)
(3024, 2)
(3026, 1)
(3028, 4)
(3029, 4)
(3031, 4)
(3038, 1)
(3039, 1)
(3048, 2)
(3051, 2)
(3055, 2)
(3056, 2)
(3058, 1)
(3060, 4)
(3061, 4)
(3063, 4)
(3064, 4)
(3065, 4)
(3066, 4)
(3069, 1)
(3070, 4)
(3076, 1)
(3082, 1)
(3083, 1)
(3085, 1)
(3087, 1)
SF:/root/xen/xen/include/asm/atomic.h
(31, 4)
(92, 4)
(125, 4)
(130, 4)
(132, 4)
SF:/root/xen/xen/include/xen/rwlock.h
(44, 4)
(46, 4)
(80, 4)
(84, 4)
(85, 4)
(90, 4)
(124, 4)
(126, 4)
(131, 4)
(132, 4)
SF:/root/xen/xen/arch/x86/hvm/io.c
(67, 1)
(72, 1)
(74, 1)
(90, 1)
(92, 1)
(95, 1)
(98, 1)
(100, 1)
(103, 1)
(104, 1)
(105, 1)
SF:/root/xen/xen/arch/x86/x86_emulate/x86_emulate.h
(66, 1)
(70, 1)
SF:/root/xen/xen/include/asm/hvm/emulate.h
(92, 1)
SF:/root/xen/xen/include/asm/hvm/hvm.h
(331, 1)
(340, 1)
(419, 2)
(421, 2)
(422, 2)
(472, 2)
(474, 2)
(576, 1)
(578, 1)
(579, 1)
SF:/root/xen/xen/include/xen/err.h
(31, 1)
SF:/root/xen/xen/arch/x86/hvm/hypercall.c
(166, 2)
(168, 2)
(169, 2)
(170, 2)
(171, 2)
(174, 2)
(176, 2)
(177, 2)
(179, 2)
(181, 2)
(186, 2)
(196, 2)
(213, 2)
(219, 2)
(221, 2)
(231, 2)
(233, 2)
(235, 2)
(237, 2)
(238, 2)
(239, 2)
(240, 2)
(241, 2)
(242, 2)
(244, 2)
(249, 2)
(260, 2)
(264, 2)
(267, 2)
(272, 2)
(273, 2)
(274, 2)
(326, 2)
(328, 2)
(330, 2)
(336, 2)
SF:/root/xen/xen/arch/x86/hvm/vmx/vmcs.c
(809, 2)
(817, 2)
(818, 2)
(845, 2)
(847, 2)
(849, 2)
(850, 2)
(852, 2)
(856, 2)

