0
156856
308932
555904
8652436
9069368
9460584
9677016
9977276
10252208
10540552
10750800
11026864
11307380
11578184
11788256
12078308
12350144
12630320
12839924
13126852
13397736
13680904
13959564
14244240
14517808
14797864
14948196
15316284
15610536
15909636
16183900
16454260
16734544
17014928
17302452
17616436
17899128
18618656
18767108
18915176
19199912
19486292
19760148
19908252
20211676
20368972
20572856
20869480
21140624
21423088
21626168
21920548
22191996
22474640
22676980
22970772
23252044
23522464
23725204
23998476
24280748
24577152
24779872
25066988
25347996
25646836
25849692
26124224
26394556
26676604
26878924
27153376
27424172
27705952
27990408
28260908
28543588
28823412
28967036
29278824
29607432
29884000
30166872
30440468
30723500
30994056
31277136
31589936
31892116
32172620
32316428
32459172
32741696
33012576
33299568
33443328
33741408
33881088
34084916
34362028
34642436
34912448
35197984
35468220
35747512
36026928
36316344
36596588
37007520
37153248
37296576
37578984
37722800
37866064
38010412
38154100
38297548
38441144
38584648
38727816
38871008
39014012
39157540
39300948
39444456
39588092
39731028
39874388
40017736
40160812
40304208
40447468
40590888
40733976
40877384
41020672
41163736
41307380
41450696
41593924
41737424
41880660
42024192
42167296
42310300
42453740
42596928
42739856
42883136
43026224
43169380
43312380
43455592
43598732
43741812
43904984
44050204
44192944
44336232
44479316
44622852
44766012
44908720
45052020
45195056
45338500
45481504
45624732
45767688
45910816
46053800
46196928
46340180
46483504
46626512
46769644
46912596
47055680
47198764
47341756
47484872
47628104
47771248
47914744
48057824
48201052
48344456
48487568
48630884
48774304
48917320
49060540
49204192
49347536
49490612
49633504
49776828
49920356
50063420
50206764
50349792
50492712
50635916
50778992
50921724
51064936
51207816
51351252
51494328
51637208
51780528
51923404
52066636
52209684
52352836
52496000
52639240
52782616
52925852
53069128
53212128
53355568
53498596
53641904
53784928
53928544
54071576
54391936
54678080
54821592
55128996
55410540
55558992
55707256
55851768
55991380
56135636
56274992
56417736
56557212
56699936
56839360
56981832
57121228
57263956
57403716
57546572
57691292
57835744
57980420
58124956
58286444
58431984
58576428
58720536
58864716
59009012
59153672
59298096
59442516
59583856
59724400
59865580
60006656
60147528
60292292
60435548
60578712
60721272
60864640
61008272
61151076
61294408
61438112
61581496
61725840
61869748
62013008
62156660
62300068
62445492
62612492
62761828
62910720
63059436
63208488
63357392
63506820
63655776
63804736
63953668
64102520
64251280
64400224
64549180
64697876
64846788
64995584
65144672
65293396
65442204
65591076
65740068
65889064
66037892
66186736
66335520
66484456
66633324
66782032
66930968
67079792
67228444
67377200
67526436
67675184
67823880
67972488
68121016
68269884
68418676
68567724
68716504
68865524
69014200
69162920
69311692
69460344
69609092
69757908
69906648
70055516
70204940
70353820
70502608
70651528
70800248
70949136
71097896
71246652
71395444
71544508
71693396
71842368
71991108
72140056
72288968
72437720
72586612
72753728
72903768
73053052
73202292
73351560
73500616
73649788
73798856
73948044
74097052
74246240
74395448
74544540
74693596
74842788
74992688
75142024
75291352
75440364
75589636
75738840
75888116
76037464
76186736
76335968
76485272
76634612
76783904
76933184
77082456
77231844
77381116
77530388
77679584
77828780
77978076
78127304
78276608
78426404
78575776
78724984
78874260
79023428
79172616
79321672
79470744
79619872
79769064
79918104
80067196
80216108
80365284
80514472
80663564
80812784
80962252
81111472
81260512
81409636
81558912
81708000
81857096
82006240
82155412
82304596
82453816
82602884
82752332
82901656
83050804
83200104
83349560
83498804
83647984
83797312
83946652
84095892
84245224
84394404
84543708
84692980
84842212
84991492
85140708
85289788
85438972
85588076
85737336
85886420
86035484
86184528
86333800
86483420
86632552
86781884
86931064
87096136
87245808
87394764
87543864
87693344
87842564
87991516
88141008
88290060
88439996
88589364
88738404
88887928
89037112
89186616
89335892
89485660
89634996
89784268
89933416
90082552
90231680
90380740
90529832
90678968
90828228
90977492
91126652
91275708
91424656
91573732
91722740
91871988
92021008
92170040
92319200
92468200
92617240
92766440
92915428
93064524
93213620
93362524
93511564
93660552
93809772
93959092
94108200
94257372
94406380
94555688
94704664
94853764
95002744
95151732
95300696
95449772
95598744
95747904
95897452
96046568
96195544
96344716
96493908
96643448
96792512
96941636
97090684
97239772
97388704
97537584
97686548
97835380
97984352
98133904
98283104
98432412
98581504
98730648
98879640
99028444
99177360
99326380
99475548
99624588
99773608
99922568
100071504
100220396
100369444
100518312
100667232
100816204
100965192
101114424
101263400
101433192
101583012
101731828
101880696
102029412
102178184
102327064
102475940
102624828
102773768
102922632
103071452
103220224
103368956
103517732
103666292
103814964
103963492
104112152
104260780
104409568
104558352
104707080
104855636
105004300
105153540
105302336
105451028
105599652
105748376
105897292
106045904
106195572
106344424
106492960
106641572
106790420
106939112
107087860
107236664
107385764
107534596
107683460
107832112
107981088
108129984
108278704
108427588
108576248
108796276
108944820
109093284
109241996
109390604
109539384
109687964
109836532
109985144
110133684
110282456
110431380
110580440
110729248
110877928
111026680
111175516
111324240
111472872
111621604
111770412
111919200
112068316
112217148
112366152
112515052
112663824
112812604
112961552
113111180
113260108
113408820
113557932
113707076
113855904
114005044
114153956
114302712
114451472
114600160
114748944
114897620
115046488
115195020
115343756
115492536
115641208
115809720
115959360
116108136
116256904
116406608
116555656
116704712
116853828
117002732
117151820
117300828
117449932
117598880
117747736
117897028
118046016
118195056
118344052
118493004
118642076
118791228
118940272
119089392
119238600
119387688
119536864
119686036
119835100
119984136
120133240
120282264
120431300
120580260
120729208
120878192
121027100
121175916
121324764
121473716
121622620
121771524
121920384
122069384
122218248
122367384
122516988
122666092
122814948
122964096
123113416
123262276
123411168
123560036
123708876
123857740
124006604
124155492
124304688
124453520
124603036
124751996
124900904
125049936
125198772
125348240
125497164
125646028
125794816
125943556
126092240
126241140
126390060
126538800
126687852
126836760
126985436
127134116
127282688
127431436
127580056
127729192
127877848
128026880
128175668
128324548
128473464
128622320
128771196
128920028
129068844
129217704
129366648
129515428
129664280
129813268
129962152
130125992
130276656
130425660
130574500
130723400
130872048
131020988
131169928
131318760
131467576
131616312
131765000
131913640
132062380
132211196
132360004
132508796
132657656
132806672
132955408
133104148
133253088
133401748
133550496
133699208
133847976
133996756
134145408
134294336
134443232
134592268
134740996
134889760
135038364
135187136
135335952
135484784
135633508
135782300
135931292
136080072
136229028
136378032
136526724
136675544
136824324
136973092
137121960
137270964
137419676
137568540
137717160
137866048
138014992
138163872
138312680
138461708
138610724
138759472
138908300
139057084
139205628
139354420
139503132
139651796
139800516
139949332
140098160
140246972
140395728
140544584
140693292
140842016
140990900
141139584
141288240
141436892
141585664
141734460
141883292
142032052
142181556
142330688
142479664
142628676
142777584
142926572
143075464
143224360
143373156
143522176
143671120
143820256
143969196
144118104
144266992
144415656
144582244
144732016
144881324
145030536
145179684
145328836
145478084
145627220
145776300
145925684
146074996
146224500
146373752
146522940
146672120
146821416
146970620
147119972
147269168
147418500
147567796
147717060
147866400
148015764
148165172
148314392
148463752
148613224
148762600
148912068
149061464
149210860
149360336
149509764
149659216
149808536
149957944
150107256
150256572
150405548
150554932
150704104
150853216
151002720
151151892
151301116
151450272
151599444
151748616
151897900
152047112
152196524
152345760
152495148
152644268
152793628
152943000
153092124
153241376
153390796
153540276
153689620
153838932
153988340
154137676
154287116
154436364
154585732
154735080
154884452
155033568
155182956
155332316
155481520
155630776
155780136
155929532
156078944
156228216
156377396
156526540
156675524
156824428
156973512
157122388
157271264
157420308
157569308
157718240
157867324
158016640
158165880
158314784
158463884
158612792
158761800
158926264
159075936
159225252
159374428
159523660
159672844
159821864
159970924
160119876
160268856
160418060
160567056
160716036
160865028
161014164
161163260
161312064
161461168
161610312
161759240
161908896
162058020
162207244
162356240
162505436
162654484
162803448
162952572
163102228
163251576
163400504
163549476
163698452
163847480
163996436
164145708
164294784
164443744
164592964
164742012
164891576
165040700
165189836
165339080
165488052
165637236
165786984
165936260
166085472
166234800
166384416
166533572
166682508
166831488
166980600
167129660
167278796
167427704
167576624
167725576
167874680
168023632
168172600
168321624
168470832
168619736
168768796
168917676
169066512
169215308
169364288
169513100
169662088
169810924
169959812
170108860
170400392
170549500
170698296
170847136
170996144
171145032
171293904
171442996
171591680
171740424
171889376
172038576
172187812
172336504
172485308
172634368
172783292
172932332
173081376
173245724
173395996
173545108
173694076
173843040
173992804
174142552
174291944
174441076
174589964
174738896
174887992
175037064
175186032
175335012
175483888
175632840
175781912
175930968
176080008
176229168
176378412
176527364
176676324
176825180
176974300
177123180
177272140
177421228
177570080
177719172
177868228
178017140
178166308
178315240
178464420
178613456
178762424
178911800
179061308
179210496
179359524
179508688
179657780
179806896
179955944
180104948
180253828
180402864
180552056
180701296
180850512
180999608
181148780
181297768
181446912
181595968
181744968
181894104
182043408
182192552
182341612
182490772
182639892
182789036
182938056
183087048
183236072
183385192
183534236
183683244
183832360
183981336
184130768
184280044
184429116
184578140
184727408
184876512
185025604
185174680
185323720
185472804
185621656
185770700
185919920
186069448
186218652
186367788
186516860
186665868
186815076
186964160
187113548
187262596
187411604
187577164
187728480
187877572
188026568
188175908
188324828
188473740
188622592
188771572
188920544
189069440
189218388
189367524
189516624
189665596
189814512
189963520
190112516
190261564
190410640
190559532
190708644
190857732
191006824
191156076
191305148
191454248
191603516
191752580
191902308
192051556
192200800
192350172
192499284
192648316
192797352
192946420
193095300
193244260
193393284
193542076
193691108
193839972
193988948
194138084
194286860
194435832
194585052
194734172
194883236
195032416
195181480
195330548
195479600
195628756
195778020
195927184
196076180
196225368
196374568
196523636
196672656
196822040
196971164
197120260
197269364
197418532
197567452
197716564
197865652
198014836
198163956
198313568
198462800
198611996
198761108
198910328
199059920
199208852
199357900
199506952
199655996
199804992
199954008
200103316
200252488
200401672
200550596
200699604
200848708
200997620
201146484
201295440
201444352
201593392
201742492
201891592
202057220
202207324
202356580
202505804
202655196
202804500
202953660
203103008
203252220
203401500
203550748
203699976
203849100
203998144
204147232
204296300
204445488
204594484
204743632
204892712
205041704
205190672
205339712
205488680
205637648
205786836
205935968
206085240
206234364
206383548
206532588
206681648
206830860
206980116
207129272
207278804
207428012
207577124
207726168
207875332
208024340
208173496
208322728
208471828
208621072
208770752
208920304
209069768
209219068
209368664
209518088
209667612
209817052
209966428
210115832
210265188
210414620
210563852
210713120
210862216
211011464
211160768
211309928
211459596
211608892
211758216
211907472
212056792
212206324
212355544
212504660
212653800
212802968
212952164
213101328
213250472
213399508
213548588
213697780
213847056
213996368
214145668
214295432
214444700
214593972
214743140
214892332
215041532
215190592
215340276
215489556
215638756
215788036
215937308
216086664
216236016
216400624
216550336
216699460
216848312
216997124
217146300
217295608
217444744
217593856
217742852
217892060
218041128
218190272
218339504
218488900
218638116
218787188
218936276
219085740
219234924
219384176
219533200
219682352
219831492
219980476
220129428
220278556
220427640
220576716
220725652
220874800
221023880
221172896
221321976
221471124
221620268
221769640
221918832
222068004
222217152
222366312
222515388
222664568
222813684
222962756
223111852
223261044
223410360
223559664
223708884
223858004
224007420
224156596
224305700
224454740
224603988
224753164
224902404
225051548
225200872
225349996
225499064
225648116
225797168
225946324
226095480
226244560
226393588
226542748
226691924
226840868
226990000
227139212
227288300
227437476
227586608
227735928
227884816
228033748
228182612
228331600
228480340
228629096
228777884
228926700
229075472
229224416
229373248
229522008
229670920
229819864
229968748
230117596
230266528
230415340
230564276
230733536
230882988
231031772
231180200
231328896
231477548
231626864
231775896
231924600
232073400
232222208
232370832
232519496
232668120
232816732
232965152
233113680
233262196
233410792
233559436
233708448
233857108
234006024
234154752
234303588
234452252
234600752
234749140
234898528
235047176
235196044
235345428
235494264
235642760
235791276
235939872
236088332
236236952
236386164
236534924
236683932
236832812
236981580
237130468
237279188
237428000
237576764
237725840
237874552
238023592
238172416
238321092
238469816
238618432
238767184
238915800
239064520
239213384
239362192
239510928
239659720
239808348
239957368
240106376
240255272
240403988
240553340
240702096
240851300
241000280
241149268
241298160
241447056
241595648
241744360
241893272
242042104
242190848
242339580
242488880
242637896
242786556
242935180
243083748
243232368
243381320
243529860
243678548
243827224
243976040
244124740
244273356
244422160
244570792
244719460
244868256
245033396
245184824
245333784
245482852
245631900
245780816
245929744
246078556
246227560
246376548
246525616
246674352
246823772
246972752
247121740
247271144
247420288
247569796
247718900
247867880
248016880
248165796
248314844
248463772
248612924
248762036
248911004
249060012
249209084
249358184
249507184
249656264
249805200
249954120
250103112
250252176
250401180
250550220
250699088
250847940
250996816
251145968
251294992
251443736
251592856
251742172
251891088
252039940
252188792
252337668
252486244
252635024
252783824
252932624
253081580
253230372
253379112
253527996
253677036
253825876
253974728
254123396
254272016
254420528
254569240
254718128
254867112
255015936
255164720
255313524
255462304
255611176
255759840
255908616
256057424
256206288
256355124
256503808
256652392
256801284
256950148
257099372
257248152
257396908
257545772
257694688
257843612
257992500
258141392
258290268
258439088
258587880
258736688
258885560
259034396
259183384
259332092
259496712
259646452
259795304
259944088
260093008
260241776
260390508
260539236
260687976
260836848
260985848
261134504
261283224
261432076
261581104
261729860
261878472
262027352
262176264
262325252
262474124
262622960
262771612
262920300
263069148
263217940
263366772
263515748
263664668
263813824
263962752
264111604
264260272
264409064
264557816
264706488
264855464
265004260
265153472
265302332
265451144
265600288
265749288
265898692
266047784
266196628
266345576
266494544
266643548
266792588
266941428
267090228
267239168
267388456
267537496
267686464
267835168
267983852
268132664
268281428
268430176
268579072
268727924
268876628
269025572
269175148
269324348
269473232
269621952
269770728
269919604
270068524
270217352
270366096
270514896
270663732
270812636
270961776
271110692
271259684
271408528
271557480
271706544
271855352
272004232
272153524
272302724
272451828
272600852
272749744
272898612
273047568
273196496
273345532
273494360
273643332
273808672
273959400
274108716
274257952
274407188
274556352
274705604
274854776
275004036
275153184
275302480
275451412
275600624
275749568
275898448
276047620
276196864
276345980
276495204
276644336
276793776
276943028
277092144
277241324
277390512
277539640
277688564
277837688
277986596
278135544
278284476
278433480
278582576
278731600
278880700
279029924
279179076
279328916
279478188
279627412
279776692
279925668
280074860
280224124
280373372
280522468
280671608
280820724
280969680
281118972
281268252
281417296
281566332
281715472
281864884
282014024
282163200
282312784
282462168
282611380
282760476
282909532
283058692
283208472
283357756
283506804
283655816
283805248
283954488
284103640
284252508
284401912
284551032
284700132
284849140
284998188
285147248
285296348
285445432
285594348
285743468
285892632
286041704
286190776
286339868
286489024
286638116
286787420
286936600
287085548
287234756
287383700
287532844
287681884
287830952
287980304
288144192
288295488
288444764
288593912
288743136
288892748
289042068
289191448
289340740
289489956
289639140
289788500
289937712
290086972
290236112
290385412
290534568
290683988
290833236
290982240
291131304
291280188
291429352
291578384
291727408
291876380
292025264
292174024
292323024
292471884
292620768
292769504
292918376
293067220
293216032
293364840
293513776
293662664
293811708
293960668
294109648
294258404
294407528
294556324
294705276
294854252
295002940
295151784
295300512
295449148
295598232
295747160
295896184
296045152
296194184
296343152
296492172
296640944
296789504
296938452
297087424
297236292
297385112
297534172
297683188
297832360
297981404
298130400
298279412
298428452
298577464
298726348
298875324
299024384
299173628
299322616
299471660
299620708
299769712
299918652
300067392
300216104
300364932
300513824
300662636
300811592
300960276
301109344
301258412
301407512
301556344
301705516
301854376
302003252
302152092
302300992
302449740
302615028
302764668
302913944
303063136
303212556
303362016
303511340
303660804
303810288
303959412
304108716
304257784
304407176
304556544
304705864
304855184
305004192
305153444
305302572
305451744
305600932
305750012
305899308
306048684
306197932
306347104
306496240
306645560
306794576
306943636
307092736
307241992
307391172
307540552
307689676
307838828
307987848
308137148
308286180
308435364
308584356
308733264
308882384
309031548
309180688
309329780
309478792
309627848
309776864
309925960
310074840
310223900
310372852
310521736
310670824
310819792
310968696
311117596
311266460
311415376
311564192
311713920
311863364
312012384
312161300
312310572
312459676
312608596
312757584
312906548
313055844
313205000
313354140
313503104
313651860
313800880
313949888
314099020
314248004
314397092
314546016
314695076
314844276
314993312
315142300
315291160
315440180
315589332
315738380
315887264
316036412
316185604
316334784
316483860
316632860
316782100
316947888
317097552
317246816
317395784
317544956
317693932
317842856
317992040
318140724
318289676
318438960
318587740
318736548
318885532
319034296
319183084
319332344
319481340
319630556
319779692
319928560
320077504
320226332
320375108
320524212
320673124
320822236
320971184
321120024
321269236
321418224
321567116
321716116
321865056
322014124
322163172
322312272
322461196
322610248
322759188
322908116
323057028
323205928
323354784
323503708
323652544
323801380
323950380
324099296
324248196
324397644
324546804
324695580
324844604
324993520
325142568
325291644
325440704
325590084
325739088
325888140
326037740
326186908
326335676
326484620
326633568
326782652
326931428
327080076
327228916
327377800
327526720
327675488
327824164
327973208
328122296
328271168
328420264
328569288
328718320
328867776
329016852
329165760
329314620
329464060
329613220
329762320
329911256
330060248
330209232
330358192
330507104
330655868
330804544
330953384
331102088
331265572
331416092
331565524
331714672
331863448
332012376
332161080
332310012
332458740
332607596
332756436
332905252
333054112
333202904
333351716
333500396
333649244
333798036
333946656
334095492
334244648
334393504
334542408
334691268
334840076
334988892
335137788
335287188
335436196
335585108
335734052
335883216
336032276
336181348
336330356
336479324
336628840
336777852
336926896
337075924
337225152
337374416
337523748
337672740
337821792
337970908
338119684
338269168
338418340
338567368
338716500
338865508
339014656
339163736
339312788
339461736
339610808
339760000
339909000
340058396
340207600
340356784
340505708
340654784
340803712
340952768
341101672
341250820
341399876
341549016
341698012
341847764
341996788
342145636
342294472
342443260
342592128
342741296
342890160
343038924
343187792
343336792
343485740
343634744
343783624
343932444
344081384
344230208
344379180
344527924
344676576
344825260
344974048
345122800
345271692
345420608
345569256
345738388
345888060
346037120
346186056
346335148
346484024
346632816
346781764
346930832
347080000
347229124
347378180
347527168
347676108
347824980
347974368
348123304
348272128
348420904
348570008
348719228
348868372
349017520
349166528
349316200
349465320
349614548
349763532
349912528
350061444
350210564
350359448
350508424
350657376
350806204
350955104
351104104
351253036
351401988
351550824
351699752
351848656
351997604
352146504
352295136
352444044
352592680
352741488
352890448
353039264
353188104
353336860
353485712
353634680
353783296
353932024
354080704
354229396
354378312
354527056
354675652
354824272
354973232
355121944
355270836
355419740
355568616
355717692
355866512
356015236
356163896
356312564
356461344
356610056
356758672
356907184
357055864
357204680
357353304
357502000
357650508
357799308
357947984
358096832
358245560
358394148
358542836
358691504
358840324
358989168
359137756
359286528
359435272
359584188
359732848
359881624
360051348
360201200
360350220
360499064
360647840
360796744
360945544
361094692
361243684
361392732
361541740
361690644
361839488
361988476
362137348
362286496
362435536
362584744
362733980
362883088
363032236
363181276
363330256
363479260
363628308
363777188
363926184
364075116
364224176
364373160
364522388
364671400
364820304
364969176
365118028
365267064
365415936
365565104
365713988
365862900
366011720
366160584
366309552
366458580
366607400
366756140
366904972
367053860
367202736
367351592
367500436
367649288
367798392
367947416
368096424
368245460
368394124
368542824
368691776
368840664
368989672
369138844
369287888
369436992
369586012
369734816
369883460
370032368
370181196
370330008
370478900
370627872
370776776
370925860
371074716
371223664
371372376
371521408
371670408
371819276
371968244
372117196
372266156
372414960
372563708
372712660
372861692
373010496
373159220
373308024
373456524
373605196
373753664
373902396
374051172
374199860
374362976
374513448
374662392
374812268
374961596
375111296
375260764
375409944
375558952
375743648
375947772
376177184
376379768
376584740
376788520
377017744
377215596
377366460
377516252
377665248
377814216
377963392
378113596
378271208
378420496
378570436
378719520
378924956
379131716
379332344
379533652
379741100
379950284
380150772
380365376
380559236
380721288
380870412
381018884
381167472
381316492
381465176
381613664
381762620
381911356
382059856
382208572
382357884
382507112
382656044
382804916
382953732
383102584
383251536
383400436
383549448
383698320
383847228
383996060
384144832
384293468
384442344
384591292
384740044
384888944
385037652
385186444
385335176
385484256
385633056
385781568
385930580
386079356
386228360
386377316
386526244
386675124
386824096
386972880
387121636
387270560
387419516
387568392
387717392
387866256
388015140
388163896
388312756
388461584
388610440
388779996
388929840
389078596
389227300
389376164
389524912
389674112
389823188
389972236
390120956
390269952
390418836
390567588
390716584
390865600
391014852
391163804
391312700
391461372
391610028
391758748
391907424
392056260
392205156
392354020
392502732
392651424
392800268
392948940
393097640
393246428
393395412
393544028
393693004
393841640
393991064
394140192
394289200
394438596
394587524
394736464
394885496
395034172
395183040
395332136
395481104
395629976
395779140
395928036
396076948
396225892
396374780
396523820
396672736
396821856
396970596
397119448
397268184
397417364
397566448
397715336
397864200
398013096
398162128
398311112
398460152
398609396
398758420
398907444
399056300
399205080
399353996
399502928
399651568
399800428
399949448
400098220
400247044
400395852
400544792
400694076
400843020
400991816
401140560
401289424
401438244
401587168
401736052
401884936
402033784
402182640
402331552
402480428
402629140
402778072
402926816
403092212
403243008
403391956
403541056
403690108
403839140
403988272
404138236
404287424
404436328
404585348
404734796
404883872
405032836
405181920
405331024
405479872
405628720
405777780
405926596
406075340
406224288
406373524
406522444
406671224
406819956
406968852
407117604
407266520
407415440
407564220
407712804
407861480
408010232
408159268
408308212
408457108
408605920
408754968
408903756
409052648
409201384
409350172
409499104
409647948
409796992
409945812
410094880
410243896
410392792
410541848
410690908
410839824
410988952
411138248
411287112
411435928
411584912
411733784
411882480
412031232
412180328
412329284
412478564
412627532
412776580
412925672
413074592
413223600
413372504
413521548
413670496
413819688
413968572
414117320
414266136
414414960
414563708
414712588
414861412
415010332
415159080
415307784
415456548
415605452
415754316
415903172
416052056
416200996
416349764
416498728
416647644
416796372
416945384
417094148
417242996
417392212
417558828
417708736
417857776
418007072
418156140
418305304
418454460
418603656
418752844
418901900
419050936
419200024
419349300
419498508
419647628
419796628
419945836
420095124
420244400
420393376
420542372
420691396
420840572
420989676
421138572
421287720
421436828
421585780
421734804
421883988
422032972
422181896
422330964
422479996
422629012
422777948
422926972
423075840
423224740
423373748
423522596
423671484
423820196
423969088
424118184
424267208
424416096
424564788
424714256
424863128
425011940
425160968
425309956
425458812
425607936
425756820
425905908
426054616
426203484
426352500
426501548
426650312
426799248
426948324
427097328
427246144
427395252
427544116
427693008
427841740
427990596
428139708
428288620
428438000
428587084
428736260
428885336
429034972
429184232
429333408
429482336
429631292
429780324
429929352
430078308
430227304
430376336
430525252
430674408
430823448
430972356
431121332
431270404
431419328
431568312
431717204
431882248
432031692
432180652
432329576
432478360
432627120
432776028
432924876
433073684
433222692
433371460
433520204
433668980
433817876
433966708
434115580
434264468
434413348
434562296
434711088
434859880
435008620
435157572
435306296
435455488
435604312
435753016
435901888
436050564
436199384
436348228
436497424
436646284
436795476
436944460
437093336
437242144
437390812
437540344
437689308
437838232
437987112
438136016
438284716
438433820
438582492
438731364
438880260
439029728
439250236
439399396
439548644
439697688
439846700
439995816
440144820
440293872
440442776
440591416
440740308
440889336
441038208
441187384
441336276
441485144
441633880
441782528
441931116
442079748
442228884
442377840
442526664
442675296
442824164
442973136
443121992
443270588
443419528
443568260
443716996
443865860
444014492
444163224
444312096
444460732
444609800
444758644
444907492
445056436
445205300
445354308
445503316
445652276
445801208
445950068
446098904
446265096
446415100
446564252
446713576
446862856
447012008
447161180
447310400
447459664
447608708
447757856
447907016
448056072
448205524
448354804
448503852
448652868
448801968
448951076
449100032
449249044
449398344
449547404
449696236
449845072
449994264
450143412
450292380
450441504
450590496
450739440
450888504
451037584
451187156
451336276
451485256
451634272
451783208
451931972
452080724
452229552
452378360
452527296
452675936
452824880
452973704
453122612
453271528
453420496
453569364
453718648
453867668
454016484
454165280
454313948
454462952
454611980
454761084
454910156
455059076
455208116
455356948
455506048
455654952
455804076
455952892
456102024
456251140
456400048
456549432
456698776
456847932
456997036
457146188
457295260
457444644
457594052
457743040
457892208
458041144
458190272
458339380
458488424
458637692
458786580
458935664
459084976
459233984
459382904
459532060
459680964
459830272
459979420
460128344
460277328
460426724
460591780
460742124
460890984
461039788
461188500
461337184
461485836
461634792
461783604
461932576
462081464
462230316
462379264
462528144
462676784
462825604
462974424
463123204
463272184
463421144
463569932
463718852
463867880
464016744
464165440
464314276
464463256
464612140
464761124
464909984
465058936
465208364
465357536
465506404
465655100
465804540
465953640
466102516
466251420
466400360
466549472
466698468
466847464
466996276
467145416
467294124
467442824
467591644
467740648
467889976
468039088
468187948
468336800
468485612
468634536
468783500
468932432
469081528
469230372
469379228
469528236
469677200
469825924
469974816
470123824
470272632
470421436
470570252
470718988
470867752
471016544
471165500
471314428
471463216
471612224
471761096
471909932
472058704
472207616
472356580
472505644
472654452
472803252
472952244
473100888
473250308
473399328
473548220
473696844
473845676
473994444
474143524
474292448
474441384
474590744
474739824
474906588
475058520
475207628
475357332
475506264
475654976
475803760
475952532
476101504
476250236
476399112
476548284
476697180
476846092
476994836
477144020
477292876
477441916
477590792
477739644
477888240
478036872
478185612
478334492
478483412
478632092
478780736
478929336
479077992
479227044
479375668
479524760
479673496
479822216
479971052
480119936
480268600
480417472
480566260
480715232
480864100
481012708
481161428
481310088
481458864
481607588
481756364
481905080
482053772
482202420
482351108
482499876
482648632
482797156
482945808
483094568
483243292
483392020
483540744
483689480
483838304
483986796
484135532
484284312
484433256
484582128
484730944
484879724
485028424
485177964
485326888
485476008
485624948
485774108
485923092
486072056
486221256
486370372
486519420
486668268
486817288
486966140
487115192
487264004
487412996
487562040
487711028
487860480
488009504
488158392
488307916
488456868
488605820
488754848
488903788
489052644
489201980
489368088
489517712
489666596
489815556
489964376
490113156
490262024
490410808
490559876
490708884
490857684
491006440
491155620
491304568
491453240
491602048
491750872
491899776
492048604
492197372
492346084
492494800
492643336
492792224
492940960
493089912
493239444
493388524
493537612
493686668
493835688
493984756
494133804
494282976
494432252
494581488
494730444
494879488
495028504
495177452
495326412
495475440
495624492
495773520
495922532
496071552
496220540
496369924
496518856
496667896
496816876
496965900
497114944
497264004
497413032
497562212
497711260
497860212
498009284
498158272
498307416
498456428
498605352
498754212
498903300
499052408
499201568
499350424
499499696
499648576
499797524
499946440
500095288
500244236
500393104
500542004
500690784
500839552
500988468
501137148
501286036
501434848
501583716
501732624
501881404
502030340
502179396
502328268
502477068
502625808
502774752
502923484
503072288
503221128
503369936
503518620
503682656
503833024
503982292
504131344
504280364
504429540
504578860
504727948
504876968
505026136
505175428
505324680
505473900
505623040
505772228
505922008
506071740
506220920
506370560
506519948
506669448
506818732
506967848
507117304
507266796
507415948
507565184
507714812
507864104
508013472
508162576
508311948
508461244
508610544
508759668
508908832
509057776
509206988
509356236
509505292
509654536
509803852
509953104
510102164
510251620
510400792
510550092
510699260
510848260
511068600
511217564
511366428
511515480
511664920
511814204
511963376
512112436
512261560
512410664
512559916
512709076
512858148
513007144
513156364
513305632
513454900
513603856
513752832
513901752
514050648
514199508
514348340
514497296
514646220
514795004
514944028
515092824
515241940
515391008
515540096
515689164
515838152
515987276
516136256
516285236
516434156
516583208
516732340
516881364
517030144
517179060
517327960
517477008
517625960
517775092
517924064
518088764
518238520
518387720
518536556
518685472
518834412
518983296
519132036
519281328
519430296
519579324
519728152
519876888
520025680
520174516
520323424
520472316
520620980
520769772
520918584
521067540
521216372
521365172
521513964
521662796
521811768
521960596
522108724
522255284
522401556
522553924
522704856
522853956
523080276
523407224
523685384
523975116
524125940
524275776
524484976
524770392
525051652
525337868
525488476
525638388
525847548
526136548
526430696
526714096
526864832
527014936
527223792
527518912
527816860
528101296
528252344
528402256
528611392
528906020
529186372
529537800
529688400
529838360
530047552
530352904
530623952
530903164
531053892
531203816
531412884
531697304
531966952
532246136
532415544
532566948
532776264
533064880
533336216
533618808
533769512
533920092
534129296
534418296
534688616
534968052
535118732
535268336
535477108
535754820
536025172
536319556
536470060
536619652
536828640
537103684
537382940
537652184
537802952
537952952
538161676
538440600
538727456
538997784
539148556
539298652
539507988
539790940
540074728
540344968
540495544
540645328
540854148
541144720
541416456
541687108
541837568
541987264
542196276
542471004
542741084
543020020
543170632
543320300
543529008
543813380
544082812
544362040
544512460
544662208
544950608
545221928
545492780
545643308
545792888
546076044
546345988
546625332
546792356
546943288
547228188
547507564
547777512
547927908
548077900
548362272
548635120
548930480
549080956
549231028
549381244
549530916
549681116
549830948
549980956
550130892
550280876
550430480
550716772
551004456
551275544
551554540
551703916
552021808
552307188
552578316
552857260
553127908
553406300
553685600
553955044
554311364
554585836
554896896
555046296
555195420
555471036
555741732
556023036
556172492
556471192
556619844
556769484
556918528
557193844
557464040
557742232
558021112
558169572
558468312
558771648
559044152
559314200
559594872
559874120
560143660
560425820
560735020
561034840
562393140
562541892
563254164
563535976
563818676
563967072
564269972
564414436
564564172
564709744
564855580
565004464
565290228
565561868
565844816
566115360
566263920
566566232
566847912
567127880
567414864
567688320
567967672
568245380
568516884
568836912
569120780
569402292
569550800
569832672
570102840
570390076
570538416
570836912
570981360
571131188
571280624
571554524
571836052
572118572
572387560
572536184
572834436
573115736
573395764
573665396
573947824
574227184
574513212
574792624
575090144
575375068
575696528
575845544
576120672
576419732
576690292
576838864
577137100
577281432
577431680
577580484
577854380
578137216
578406988
578684904
578833488
579133184
579415532
579702224
579981648
580251360
580529868
580809484
581098964
581406724
581687896
581963764
582112680
582393584
582542248
582813576
582961812
583239012
583387796
583658756
583807256
584079948
584228544
584499564
584648188
584918400
585067168
585347932
585496156
585767500
585916080
586196748
586345384
586616656
586765376
587038484
587187032
587458500
587607176
587877952
588026520
588307156
588455596
588725748
588874244
589144568
589293096
589562556
589711128
590005296
590154320
590437884
590586396
590859020
591007064
591289360
591437824
591708776
591857136
592127840
592276224
592547324
592695740
592966512
593114924
593395152
593543476
593814460
593962972
594232404
594380724
594651972
594800460
595070840
595219412
595499312
595647464
595917916
596066436
596347624
596495964
596766920
596915336
597185760
597334220
597619992
597768592
598040232
598188684
598472208
598620572
598891324
599039876
599309188
599457824
599727320
599875788
600145700
600294136
600564088
600712376
600985864
601134116
601406912
601555444
601825340
601973764
602244132
602392644
602661728
602810488
603081196
603229528
603509136
603657592
603927848
604076288
604367528
604516424
604790372
604938932
605210348
605358860
605629284
605777680
606058296
606206684
606476556
606624920
606894640
607043000
607313316
607461964
607731976
607880552
608151176
608299492
608579200
608727500
608997980
609146188
609416328
609564852
609835044
609983444
610252952
610401296
610671380
610819784
611099400
611247832
611517844
611666184
611941336
612089852
612360652
612508932
612778956
612927528
613207164
613355396
613626752
613775128
614055756
614204400
614474620
614622952
614893288
615041712
615311632
615459912
615731496
615879800
616150068
616298296
616578124
616726744
616998744
617147244
617419024
617567496
617837576
617986016
618256164
618404496
618701952
618851208
619127864
619276664
619547632
619696296
619965828
620114468
620383916
620532748
620805624
620954144
621234800
621383412
621654628
621803224
622074072
622222656
622492088
622640840
622910572
623059356
623339624
623488132
623758604
623907448
624190188
624338864
624613640
624762256
625033500
625182164
625455756
625604476
625876284
626024788
626301532
626450072
626720656
626869236
627140060
627288552
627558028
627706680
627979384
628128116
628401360
628549980
628821016
628969640
629240028
629388656
629659908
629808496
630078720
630227224
630497564
630646164
630917392
631066096
631336372
631484832
631754844
631903552
632174140
632322748
632592372
632741028
633028536
633177652
633453340
633601932
633881952
634030856
634303088
634451888
634722736
634871436
635141696
635290412
635559720
635708536
635981892
636130564
636400480
636549300
636819844
636968552
637237592
637386384
637658208
637806952
638080652
638229492
638499980
638648712
638918180
639067128
639337608
639486176
639758836
639907488
640179332
640328212
640600064
640749096
641019968
641168660
641439400
641588256
641859056
642007896
642277292
642426076
642695492
642844188
643115204
643263944
643538384
643686904
643957700
644106516
644380120
644528692
644798460
644947244
645215824
645364488
645772864
645921776
646203184
646352020
646624728
646773480
647043764
647192572
647486928
647635764
647909192
648057652
648327700
648476320
648746892
648895216
649175616
649324292
649594868
649743168
650013440
650161836
650431616
650580336
650850756
650999440
651272940
651421108
651701696
651850304
652120912
652269436
652539628
652688024
652958080
653106572
653376772
653525576
653796268
653944556
654224268
654372712
654643344
654791820
655068740
655217072
655488256
655636792
655906612
656055176
656326104
656474500
656755076
656903400
657173340
657321724
657591368
657739748
658009536
658157976
658428864
658577436
658850548
658998744
659278328
659426584
659696560
659845116
660115004
660263328
660532996
660681480
660950892
661099380
661378696
661527028
661818432
661967536
662250828
662399260
662671284
662819528
663089788
663238240
663508668
663657212
663931152
664079512
664359788
664508136
664778660
664927168
665196680
665345104
665615216
665763608
666033912
666182324
666453252
666601516
666883196
667031496
667301620
667449980
667719988
667868308
668138412
668286760
668556280
668704760
668975300
669123804
669405812
669553416
669701792
669845812
669992980
670141812
670415508
670696176
670967052
671116192
671425836
671576276
671726096
672008728
672279244
672562032
672849240
672998536
673315896
673590204
673869820
674139948
674419168
674689988
674969760
675239260
675546948
675819516
676126296
676276024
676561836
676711084
676984320
677133408
677406268
677676900
677960856
678110152
678410448
678559188
678708932
678858176
679143756
679413764
679695984
679965388
680113924
680412408
680695916
680966040
681248896
681518084
681802248
682088556
682358448
682667548
682949144
683235032
683383560
683656756
683953504
684224216
684372644
684670288
684814864
684964388
685113708
685388632
685668196
685937296
686218276
686366856
686665184
686945676
687232012
687511668
687781116
688062072
688340532
688627564
688934676
689209728
689494560
689643372
689914164
690062680
690342280
690507328
690791880
690940360
691221288
691369836
691641508
691911912
692198572
692347188
692647156
692791748
692941460
693090640
693363996
693643308
693922596
694209104
694357956
694656688
694941832
695212192
695491508
695770060
696039476
696320320
696599340
696916176
697197220
697472904
697621508
697941596
698089876
698374220
698522972
698793880
698942192
699221716
699370196
699640424
699788772
700059996
700208416
700478848
700627316
700897172
701045904
701318668
701467080
701749776
701898224
702168228
702316540
702586744
702735016
703005152
703153312
703422328
703570860
703851564
704000004
704270084
704418632
704698064
704863944
705139172
705287960
705557744
705706348
705976084
706124812
706404076
706552596
706822772
706971592
707251168
707399736
707671244
707820056
708089228
708237916
708508672
708657368
708927532
709076060
709355856
709504580
709775012
709923608
710192672
710341276
710610756
710759424
711028744
711177360
711457068
711605576
711875388
712023884
712350088
712498720
712643172
712792172
713064624
713214056
713486148
713635412
713909628
714058900
714330152
714479364
714752928
714902360
715174428
715324028
715594696
715743912
716014056
716163284
716433408
716582524
716853172
717002408
717282764
717432172
717702628
717852168
718122348
718271688
718541128
718690580
718963520
719130860
719406820
719556500
719831104
719980480
720251080
720400388
720672644
720822068
721095212
721244420
721518444
721667812
721940044
722089460
722362184
722511332
722782820
722931980
723202308
723351644
723624244
723773456
724046752
724195924
724467208
724616360
724889052
725038456
725310832
725460172
725732624
725881920
726152360
726301596
726576412
726725824
727008392
727157608
727428876
727578092
727857896
728007204
728281216
728430520
728700780
728850088
729119628
729268960
729539840
729688980
729971912
730121296
730392696
730541928
730812512
730961776
731233596
731382644
731656508
731805848
732077292
732226340
732499144
732648324
732920272
733069628
733339780
733507644
733794456
733943636
734215064
734364436
734635800
734784996
735055936
735205192
735476376
735625744
735896296
736045596
736317972
736467284
736738048
736887576
737158168
737307280
737581212
737852520
738135156
738284576
738582912
738736448
738881276
739025688
739301444
739574756
739856044
740135184
740278432
740585104
740883908
741168904
741449160
741718312
741999840
742269340
742550084
742856396
743153740
743431500
743574944
743846760
743990476
744270388
744413996
744683472
744961524
745241716
745385352
745692568
745832088
745976584
746120896
746393412
746663524
746945128
747213744
747357424
747669676
747958932
748235988
748509224
748787756
749067116
749353608
749623240
749930276
750211524
750491180
750634520
750908068
751051596
751337868
751481264
751751752
751895316
752173980
752317428
752598156
752741800
753011912
753155412
753438128
753581532
753864164
754007572
754289484
754432916
754703532
754846976
755126708
755270104
755555988
755699344
755970752
756114144
756397924
756541452
756824484
756968088
757247420
757391072
757673228
757816780
758096116
758239492
758518912
758662284
758944736
759088232
759358312
759501776
759781228
759924588
760204696
760348188
760627172
760770460
761053720
761197288
761481084
761624616
761907332
762050908
762347064
762491044
762774224
762917940
763188504
763332168
763617044
763760564
764044592
764187968
764470520
764614120
764884312
765027796
765307044
765450584
765720600
765864048
766146048
766289356
766568936
766712384
766991408
767135048
767405380
767548672
767828080
767971580
768243844
768387140
768671092
768814432
769092724
769236204
769514848
769658484
769931448
770075008
770354780
770498408
770772068
770915460
771200604
771344060
771624820
771768408
772047592
772191192
772470368
772613728
772886804
773030284
773309548
773453176
773732224
773875596
774158152
774427936
774706304
774849836
775148356
775287852
775432628
775577416
775860536
776130108
776410788
776705100
776849476
777165728
777465260
777736188
778005808
778287244
778559756
778837652
779106816
779413820
779713844
779991616
780135248
780421480
780564908
780844444
780987816
781267648
781411148
781691524
781834932
781977980
782117252
782260108
782402664
782683624
782970280
783249696
783393488
783693200
783838324
783982764
784266460
784562200
784834684
785106272
785249632
785559260
785840692
786111348
786393128
786663164
786943472
787222620
787491640
787801384
788087992
788389464
788533192
788832992
788976464
789256484
789525256
789804200
789947508
790254364
790393724
790538260
790683180
790976524
791263392
791532720
791802624
791946324
792256420
792556860
792830896
793099756
793381104
793654432
793930936
794200592
794510556
794810456
795087900
795231528
795503240
795772596
796053952
796197408
796504560
796644072
796788940
796933124
797207376
797476912
797754980
798034496
798177904
798519884
798806100
799075668
799360548
799645916
799915916
800193656
800465660
800777804
801075720
801351472
801495132
801766772
801910388
802193852
802337388
802617128
802760820
803031048
803174676
803443920
803587532
803872900
804016348
804295364
804438948
804718208
804861820
805131844
805275488
805581760
805725480
805996848
806160376
806432560
806576120
806846528
806989928
807269736
807413280
807686592
807830248
808113336
808256908
808539700
808683160
808962624
809106244
809386972
809530444
809810524
809954172
810233656
810377124
810656448
810799920
811082476
811226012
811509492
811653084
811932668
812076080
812355508
812499052
812777720
812921224
813194136
813337772
813623272
813766808
814050160
814193776
814476040
814619652
814899064
815042668
815316048
815459796
815741132
815884600
816166984
816310612
816593376
816736996
817021828
817165316
817443776
817587200
817866108
818009652
818288176
818431720
818710380
818997132
819276580
819420340
819734980
819875412
820020400
820164800
820442144
820715476
820988312
821270356
821413896
821723712
822008440
822303980
822575948
822847700
823126188
823407932
823702768
824000712
824289004
824567952
824711708
824985776
825264800
825534236
825677860
825975516
826115164
826260216
826404596
826677720
826963724
827277692
827548428
827691836
828000588
828284996
828580740
828852240
829124160
829402292
829680180
829975676
830273184
830556784
830912628
831056120
831341544
831485168
831770448
831914200
832197612
832341420
832623048
832892908
833175596
833319228
833630352
833769828
833914284
834078988
834357540
834638832
834909008
835190352
835333824
835642792
835924016
836193704
836463280
836760780
837030244
837311984
837581460
837888468
838186568
838464848
838608488
838896468
839168956
839448448
839592040
839903232
840042784
840187716
840332264
840606352
840887188
841156028
841509660
841653220
841955812
842240900
842511488
842797864
843094392
843364256
843644808
843916936
844226392
844524084
844800080
844943604
845216012
845359440
845639412
845782768
846055560
846338220
846617668
846761216
847068660
847208032
847352596
847497076
847770336
848040164
848322084
848614192
848758176
849066884
849341220
849623380
849895552
850173912
850452656
850738704
851008900
851318368
851599484
851892320
852041848
852331120
852617668
852888300
853037632
853334452
853486932
853631728
853775808
854049640
854337080
854607336
854884964
855028632
855338364
855622360
855918228
856204092
856473992
856752732
857033996
857322220
857629600
857910476
858190384
858333988
858609252
858752744
859033156
859176708
859464124
859607544
859893704
860037256
860320836
860464260
860737896
860881308
861151068
861294744
861580028
861723416
861994744
862138084
862408804
862552308
862851536
862995716
863279608
863423044
863704968
863848504
864131628
864275156
864557364
864700792
864980812
865124376
865404060
865547552
865830076
865973592
866253260
866396852
866684016
866827496
867097628
867241080
867511060
867654636
867934080
868077540
868360272
868503700
868784848
868928432
869198688
869342036
869613352
869886528
870165496
870308876
870608696
870748080
870893020
871037328
871321584
871591272
871873240
872152300
872295836
872605716
872904048
873176172
873446584
873724952
874003884
874273200
874550720
874851660
875140304
875418124
875561840
875833216
875976788
876256852
876400448
876670160
876813688
877093188
877389888
877665040
877808520
878118572
878257924
878402376
878546584
878820240
879098696
879368684
879650120
879793416
880099380
880383916
880671664
880951356
881219220
881499660
881772036
882069224
882368724
882649356
882924336
883067848
883210568
883484416
883766980
884035844
884179324
884487128
884626712
884771236
884915788
885199992
885498056
885779404
886059000
886202536
886519544
886813580
887092992
887372848
887652240
887931000
888220492
888570088
888871268
889159208
889455732
889599452
889887904
890159012
890429556
890572804
890882400
891021848
891166464
891310460
891601344
891907492
892178184
892459984
892603480
892910088
893193832
893463500
893742824
894012116
894291036
894560036
894841088
895137592
895408544
895701508
895845244
896132224
896401596
896684928
896828248
897125108
897264416
897409000
897553412
897826320
898124452
898394920
898664912
898808528
899166716
899450908
899720544
900001704
900271412
900553096
900822360
901099844
901396832
901668440
901960960
902104792
902408912
902679172
902949664
903093108
903403444
903542892
903687368
903831596
904103880
904403188
904673120
904942500
905086228
905399224
905680312
905969292
906242304
906523056
906795408
907080748
907350344
907656924
907940996
908236948
908380952
908683704
908954812
909224808
909368152
909675264
909814608
909959120
910103504
910376168
910674840
910946736
911216368
911359988
911657296
911940992
912210084
912491820
912760948
913039088
913317548
913600568
913900780
914172760
914468660
914611784
914755260
915028008
915306560
915576364
915719920
916026268
916165780
916310316
916451300
916591764
916735648
916879820
917023620
917167808
917311844
917455968
917599960
917875636
918154648
918425008
918702280
918845716
919143064
919414504
919701144
919971384
920271744
920546216
920830736
921116308
921414408
921695184
921970204
922113836
922256512
922528152
922797560
923071092
923214908
923524376
923663956
923808924
923953496
924227132
924512728
924782380
925059960
925203536
925504120
925775572
926045488
926323556
926591944
926870284
927139616
927417816
927714204
927997644
928624228
928768568
929066512
929348148
929619820
929763248
930077600
930217376
930362020
930502868
930643540
930787560
931066488
931339064
931619448
931888268
932031640
932331580
932613212
932882932
933168148
933457824
933727584
934006752
934275236
934584464
934905372
935186676
935330468
935619308
935762884
936043208
936186884
936466320
936609948
936879120
937022852
937294988
937438668
937721812
937865524
938148904
938292384
938563432
938706884
938991792
939135256
939405944
939549484
939831504
939975216
940258852
940402400
940681984
940825540
941106336
941249820
941520080
941663744
941933080
942076592
942362364
942505988
942780784
942924584
943201140
943344748
943627032
943770428
944049580
944192988
944474984
944618536
944905252
945048792
945330732
945474152
945756976
945900492
946172872
946316380
946598336
946741868
947021160
947164720
947446000
947589300
947868988
948012392
948152092
948295468
948570188
948713524
949013996
949159244
949443252
949586872
949869808
950013536
950294104
950437720
950717528
950861228
951147308
951290868
951570176
951713776
951984224
952127824
952408248
952551856
952832168
952975760
953254844
953398392
953677660
953821260
954091560
954235372
954514240
954657728
954927724
955071388
955354040
955497596
955776096
955919700
956200024
956343512
956623220
956766892
957049324
957192800
957472316
957615672
957897820
958041440
958321532
958465292
958747568
958891120
959170780
959314244
959593136
959736760
960016824
960160268
960439944
960583468
960864412
961007928
961290508
961433940
961713888
961857396
962136140
962279576
962558972
962702484
962981940
963125448
963425600
963569852
963857484
964001056
964284508
964428088
964708048
964851616
965134848
965278384
965557684
965701116
965983608
966127232
966398108
966541756
966821676
966965112
967245448
967388960
967662720
967806316
968092324
968235968
968518776
968662296
968943784
969087436
969357748
969501392
969781256
969924676
970203956
970347380
970630940
970774560
971048968
971192580
971465516
971609236
971888512
972032280
972304756
972448360
972729864
972873384
973156132
973299868
973579016
973722648
973992676
974136112
974418632
974562296
974835752
974979236
975264424
975407876
975688228
975831792
976111312
976254804
976534620
976678308
976960916
977104648
977377452
977520980
977819600
977963804
978247512
978390800
978663008
978806648
979093232
979236828
979510292
979653580
979936452
980079820
980358568
980501884
980781336
980924948
981204296
981347812
981629288
981772880
982052244
982195712
982467672
982611284
982894680
983038256
983318064
983461532
983747084
983890668
984170632
984313904
984588168
984731876
985014260
985157888
985430496
985701032
985971472
986114948
986426628
986566060
986710524
986854564
987128668
987408508
987677908
987957692
988101136
988410812
988695144
988981684
989252584
989529928
989799296
990084984
990373960
990680796
990961888
991237924
991381588
991652352
991795764
992078756
992242964
992529264
992672756
992815464
992955220
993098164
993240744
993513376
993795996
994065912
994209668
994523944
994668520
994809032
994950016
995094180
995238608
995382796
995527204
995671436
995815952
995956292
996097284
996241384
996517168
996796312
997065420
997343520
997487016
997798136
998068396
998346768
998625816
998895428
999176544
999455152
999752780
1000052528
1000339500
1000615328
1000758820
1001030628
1001174292
1001461012
1001604424
1001887776
1002031240
1002311148
1002454464
1002724904
1002868472
1003137940
1003281180
1003561008
1003704636
1003986536
1004129888
1004409312
1004552708
1004832368
1004975564
1005254656
1005397992
1005677856
1005821168
1006093732
1006237388
1006546832
1006835356
1007239240
1007382940
1007681584
1007821088
1007965652
1008110352
1008395844
1008670544
1008949028
1009227316
1009370928
1009681240
1009955904
1010234476
1010513604
1010782632
1011063616
1011342596
1011630964
1011929516
1012210488
1012487168
1012630696
1012913944
1013057580
1013336372
1013479884
1013762912
1013906440
1014049572
1014189024
1014331836
1014474320
1014751700
1015021600
1015290760
1015434184
1015741092
1015885804
1016026344
1016166956
1016311416
1016455948
1016600200
1016744408
1016888828
1017033380
1017174424
1017315592
1017459852
1017736148
1018005944
1018296288
1018569416
1018712872
1019022636
1019293532
1019572656
1019851216
1020120884
1020401952
1020675220
1020993204
1021294956
1021580452
1021856164
1021999900
1022283652
1022427264
1022710776
1022854296
1023139688
1023409360
1023689128
1023832684
1024133804
1024273352
1024417952
1024561832
1024847660
1025117432
1025395760
1025675012
1025818564
1026129832
1026401608
1026682380
1026951208
1027233000
1027503372
1027781440
1028050968
1028404480
1028678268
1028957532
1029100844
1029243396
1029515072
1029796912
1030083800
1030227392
1030553244
1030692772
1030837512
1030981616
1031265276
1031545336
1031814512
1032091780
1032235324
1032543048
1032824044
1033110000
1033379920
1033661336
1033930468
1034212768
1034508148
1034807924
1035088776
1035388196
1035531972
1035818848
1036089996
1036371848
1036515384
1036813236
1036952700
1037097316
1037241524
1037515128
1037797092
1038066900
1038353052
1038496520
1038794196
1039091964
1039363992
1039633624
1039912236
1040191304
1040463744
1040741744
1041047932
1041344740
1041621700
1041765092
1042037120
1042307464
1042588228
1042731828
1043032360
1043171904
1043316372
1043460600
1043743208
1044012932
1044293640
1044572604
1044715996
1045014120
1045294900
1045564476
1045843460
1046132472
1046403840
1046683096
1046952736
1047259640
1047557448
1047834212
1047977956
1048121292
1048394596
1048664648
1048955612
1049105004
1049404436
1049577512
1049724156
1049868412
1050146452
1050433816
1050703888
1050988800
1051132596
1051443028
1051718236
1051996204
1052275332
1052543868
1052822012
1053094608
1053389292
1053688476
1053973312
1054249128
1054392836
1054664320
1054943712
1055213160
1055356796
1055662908
1055802304
1055946768
1056087476
1056228516
1056373044
1056517468
1056661452
1056805920
1057018760
1057163452
1057304004
1057444988
1057589036
1057882092
1058162560
1058431872
1058710616
1058854124
1059168668
1059440108
1059721252
1059990976
1060269512
1060548824
1060818444
1061099320
1061396356
1061681012
1061959748
1062103400
1062377620
1062647488
1062926356
1063069940
1063377248
1063516744
1063661428
1063805988
1064103344
1064376836
1064659348
1064954444
1065097992
1065401520
1065685524
1065954956
1066232848
1066511424
1066780204
1067058280
1067340064
1067656640
1067941016
1068215908
1068359336
1068645880
1068789228
1069069824
1069213112
1069493016
1069779424
1070052556
1070196092
1070502024
1070641540
1070786196
1070926964
1071067448
1071211620
1071355852
1071500144
1071644556
1071788544
1071932844
1072073552
1072214268
1072358228
1072651664
1072932252
1073202124
1073484944
1073628432
1073934688
1074219452
1074489040
1074766908
1075035280
1075316144
1075589656
1075870224
1076166700
1076441396
1076745956
1076889660
1077190392
1077334124
1077605040
1077748484
1078030536
1078173980
1078470368
1078614392
1078918528
1079062048
1079332476
1079475944
1079757572
1079901036
1080203288
1080347092
1080618528
1080761912
1081045012
1081188468
1081488300
1081631812
1081902452
1082045996
1082327544
1082470924
1082772628
1082916240
1083189292
1083332808
1083614412
1083757760
1084058712
1084202364
1084472940
1084616572
1084901768
1085045112
1085345068
1085488652
1085758176
1085901460
1086182100
1086325732
1086627612
1086771112
1087040832
1087184484
1087465448
1087608824
1087908356
1088051844
1088322864
1088466476
1088747856
1088891176
1089189588
1089333020
1089606436
1089749800
1090032148
1090175544
1090474356
1090617864
1090887800
1091031232
1091313416
1091456924
1091757660
1091901308
1092171852
1092315124
1092597736
1092758924
1093064720
1093208192
1093483064
1093626744
1093905300
1094048816
1094349020
1094492460
1094763272
1094906732
1095188760
1095332372
1095629796
1095773196
1096043308
1096186912
1096466468
1096610096
1096905528
1097049052
1097322416
1097465872
1097744720
1097888068
1098183960
1098327408
1098597588
1098741164
1099022992
1099166260
1099465848
1099609372
1099879612
1100023244
1100307680
1100451124
1100738672
1100882500
1101162524
1101306092
1101585808
1101729408
1102016456
1102160120
1102441124
1102584612
1102865080
1103008636
1103295200
1103438560
1103721252
1103864876
1104143780
1104287200
1104590876
1104734412
1105014816
1105158460
1105437736
1105581092
1105884572
1106027964
1106298836
1106442376
1106724960
1106868520
1107219596
1107414012
1107990020
1108196064
1108709300
1108915708
1109467744
1109660448
1110185704
1110379640
1110777936
1110921584
1111209524
1111353400
1111627092
1111770508
1112052440
1112195816
1112495652
1112639208
1112909868
1113053496
1113332696
1113476004
1113772280
1113915676
1114187592
1114330968
1114654784
1114798196
1115085576
1115229260
1115500828
1115644456
1115926084
1116069344
1116367940
1116511472
1116782448
1116925892
1117207744
1117351164
1117647508
1117791172
1118062708
1118206296
1118487716
1118631284
1118931336
1119075060
1119345176
1119488720
1119770608
1119914000
1120213520
1120357244
1120628000
1120771492
1121041120
1121184548
1121503000
1121647204
1121923692
1122067228
1122338312
1122481748
1122784572
1122928416
1123198604
1123342376
1123620840
1123764360
1124059860
1124331024
1124601224
1124744860
1125051456
1125191008
1125335716
1125480424
1125756060
1126034904
1126303960
1126582412
1126725824
1127023504
1127307656
1127577176
1127855956
1128134828
1128413236
1128682132
1129009852
1129321340
1129606180
1129883308
1130026908
1130309660
1130453356
1130736548
1130880260
1131019640
1131162236
1131304868
1131576516
1131856112
1132126552
1132270200
1132584360
1132729332
1132869924
1133010788
1133155188
1133299932
1133444004
1133588372
1133732612
1133877248
1134017984
1134158844
1134303380
1134579876
1134861796
1135130920
1135408704
1135551996
1135883996
1136168652
1136438976
1136721516
1136991088
1137273708
1137543500
1137822408
1138119704
1138400440
1138679820
1138823572
1139096480
1139240220
1139513756
1139792744
1140065796
1140209192
1140507916
1140647648
1140792340
1140937004
1141225884
1141504508
1141774272
1142053048
1142196524
1142493620
1142779596
1143048760
1143375388
1143657208
1143925712
1144209932
1144479296
1144788268
1145072640
1145365456
1145509500
1145812800
1145956752
1146226612
1146370228
1146649408
1146918860
1147197916
1147341328
1147647100
1147786620
1147931260
1148071908
1148212612
1148357136
1148501372
1148645492
1148789828
1148934312
1149078900
1149219504
1149360028
1149500840
1149641664
1149785984
1149930184
1150074624
1150235704
1150380168
1150524560
1150665036
1150805480
1150950080
1151239156
1151518616
1151788956
1152068020
1152211364
1152517252
1152787560
1153069236
1153348280
1153643364
1153912444
1154190996
1154459708
1154765676
1155066080
1155342936
1155486380
1155762648
1155906148
1156185524
1156328956
1156598868
1156742200
1157027488
1157170744
1157452816
1157596196
1157867616
1158010968
1158297692
1158440972
1158720448
1158863908
1159136740
1159280192
1159551580
1159695068
1159977936
1160121376
1160403176
1160546588
1160825540
1160968804
1161247792
1161391280
1161670128
1161813472
1162093392
1162236616
1162516336
1162659708
1162939096
1163082356
1163365544
1163508952
1163790868
1163934168
1164213480
1164356800
1164656440
1164800284
1165088016
1165231320
1165514008
1165657472
1165936684
1166080120
1166359348
1166502812
1166776468
1166919888
1167203140
1167346736
1167629180
1167772796
1168045984
1168189468
1168460076
1168603508
1168886008
1169029560
1169300372
1169443776
1169713880
1169857560
1170140016
1170283632
1170553936
1170697312
1170984116
1171127596
1171408368
1171551932
1171822288
1171966020
1172249864
1172393488
1172675976
1172819436
1173092812
1173236252
1173506408
1173649996
1173931548
1174075120
1174348432
1174491912
1174765600
1174909200
1175192808
1175336472
1175616484
1175760004
1176042036
1176185644
1176464920
1176608324
1176881592
1177025024
1177311132
1177454496
1177735720
1177879232
1178159696
1178303064
1178585488
1178728968
1179035092
1179178768
1179451200
1179594724
1179865312
1180008700
1180288952
1180432416
1180702512
1180845788
1181115352
1181258804
1181542172
1181685640
1181959360
1182102844
1182373188
1182516476
1182796364
1182939784
1183212900
1183356504
1183642228
1183911788
1184193912
1184337480
1184634856
1184774260
1184918772
1185063092
1185487052
1185768876
1186038596
1186319992
1186463420
1186767604
1187051496
1187321520
1187602508
1187871684
1188152692
1188421296
1188702536
1189009572
1189309292
1189589636
1189733152
1190006772
1190150156
1190290188
1190433004
1190706180
1190975456
1191256840
1191400520
1191710552
1191850124
1191994584
1192135036
1192275772
1192419800
1192564648
1192708820
1192853060
1192997608
1193142096
1193302508
1193443340
1193587652
1193867976
1194138728
1194424580
1194694540
1194838044
1195148232
1195422856
1195700400
1195978480
1196247340
1196528308
1196806860
1197094104
1197400976
1197671816
1197958700
1198102268
1198386344
1198656564
1198935564
1199079148
1199379688
1199519328
1199664128
1199808560
1200083464
1200366324
1200635672
1200908768
1201052536
1201359948
1201641136
1201930056
1202199808
1202478776
1202748360
1203033988
1203321520
1203619504
1203903264
1204178600
1204322072
1204464944
1204737700
1205017280
1205288012
1205431612
1205738484
1205877772
1206022296
1206163220
1206303628
1206448004
1206592156
1206736588
1206881064
1207025276
1207169592
1207310344
1207450728
1207614068
1207892900
1208180092
1208450724
1208728688
1208872304
1209170980
1209455032
1209725368
1210003752
1210282332
1210568444
1210841964
1211121008
1211418316
1211689912
1211985884
1212129696
1212418604
1212690900
1212961308
1213104888
1213415056
1213554608
1213699240
1213843612
1214119496
1214415396
1214684804
1214953432
1215097032
1215406732
1215691148
1215961784
1216240060
1216509356
1216789944
1217062796
1217342968
1217638908
1217910504
1218214472
1218358008
1218655524
1218927176
1219200212
1219343564
1219651932
1219791352
1219935860
1220076744
1220217172
1220361512
1220505748
1220649896
1220794228
1220938688
1221082988
1221223352
1221364216
1221508508
1221783316
1222087132
1222369804
1222639052
1222782328
1223089604
1223371800
1223641784
1223920336
1224192784
1224489552
1224761032
1225029976
1225336932
1225617068
1225908772
1226052472
1226195464
1226471788
1226741424
1227021412
1227165020
1227462988
1227602480
1227746952
1227890992
1228175260
1228445624
1228727076
1229006344
1229149596
1229464348
1229756124
1230026368
1230305804
1230575036
1230856732
1231126764
1231409000
1231709832
1232010108
1232287572
1232431108
1232573976
1232846376
1233125628
1233405532
1233549132
1233856664
1233996328
1234141084
1234281896
1234422524
1234566700
1234711292
1234855556
1234999912
1235144168
1235288484
1235429412
1235569952
1235714044
1236007608
1236278156
1236581752
1236852696
1236996116
1237306612
1237581524
1237860052
1238129224
1238408768
1238688396
1238956956
1239235676
1239542332
1239839900
1240117368
1240260916
1240532612
1240802228
1241081380
1241224900
1241525752
1241665228
1241809724
1241954196
1242228820
1242508832
1242778060
1243059600
1243203016
1243510376
1243781644
1244063628
1244354916
1244634300
1244915560
1245195132
1245499912
1245807204
1246089544
1246386360
1246535904
1246826684
1247108912
1247390728
1247540004
1247863756
1248016268
1248161136
1248301484
1248441872
1248586060
1248730316
1248874716
1249019296
1249163408
1249307856
1249448220
1249588836
1249733296
1250035992
1250307996
1250577348
1250880832
1251024772
1251335208
1251616936
1251886744
1252168268
1252437772
1252716236
1252985288
1253263512
1253570616
1253868644
1254149432
1254293104
1254436368
1254713336
1254983124
1255262188
1255405672
1255714180
1255853560
1255998760
1256142936
1256416048
1256696612
1256965692
1257245120
1257388424
1257698876
1257980180
1258294060
1258567904
1258837800
1259116336
1259397244
1259691980
1259990276
1260274896
1260554596
1260697896
1260970292
1261113624
1261397352
1261540800
1261827528
1261970816
1262256540
1262525928
1262807668
1262951036
1263259712
1263398948
1263543468
1263683948
1263825252
1263969240
1264113512
1264257636
1264401820
1264545724
1264690212
1264830560
1264971020
1265128956
1265270392
1265415000
1265559180
1265703532
1265848032
1265992244
1266136544
1266276932
1266417912
1266558228
1266699188
1266843372
1266987824
1267131924
1267276336
1267420412
1267564748
1267705088
1267846140
1267990464
1268274028
1268546228
1268832732
1269105796
1269249428
1269556944
1269838032
1270107796
1270391860
1270661260
1270940160
1271219100
1271514132
1271812712
1272096984
1272374436
1272655424
1272934524
1273077928
1273349596
1273492584
1273635904
1273774952
1273917452
1274060380
1274334604
1274614616
1274885136
1275028672
1275336904
1275481628
1275625772
1275909664
1276180396
1276459576
1276732068
1276875208
1277173432
1277470516
1277742384
1278011960
1278293112
1278562280
1278842528
1279111736
1279444312
1279747196
1280024224
1280167844
1280441988
1280585440
1280864976
1281136520
1281416188
1281559620
1281866308
1282005732
1282150628
1282295152
1282439708
1282584020
1282728880
1282873124
1283017876
1283158476
1283299380
1283443584
1283726784
1284006516
1284275764
1284554064
1284697748
1284995436
1285282692
1285568524
1285838324
1286116264
1286385840
1286669296
1287003124
1287318836
1287601372
1287881012
1288024556
1288296308
1288577860
1288848444
1288992040
1289301764
1289441268
1289585828
1289730196
1290005772
1290285024
1290554568
1290836132
1290979944
1291290676
1291590996
1291863280
1292133944
1292412888
1292685544
1292967472
1293236644
1293549848
1293866856
1294151128
1294294772
1294437484
1294709840
1294990028
1295273440
1295416844
1295724448
1295864040
1296008836
1296149392
1296290680
1296435016
1296579380
1296723884
1296868372
1297012228
1297156396
1297298164
1297439228
1297579496
1297720140
1297864264
1298008816
1298153328
1298297524
1298441716
1298586024
1298726480
1298867440
1299011532
1299288772
1299559556
1299845628
1300115912
1300259648
1300567912
1300838456
1301117588
1301431700
1301718492
1301988412
1302270668
1302560716
1302859892
1303144776
1303421492
1303565016
1303707976
1303980880
1304261384
1304532024
1304675416
1304985996
1305125508
1305270112
1305414700
1305688300
1305984536
1306257856
1306528148
1306671572
1306969840
1307251636
1307521440
1307800668
1308070332
1308378484
1308650400
1308929968
1309227884
1309500212
1309802724
1309946624
1310245684
1310516388
1310796576
1310940096
1311247364
1311386808
1311532028
1311672680
1311813584
1311958120
1312102536
1312246564
1312391052
1312535156
1312679616
1312820212
1312960676
1313104680
1313384584
1313664788
1313935560
1314214132
1314357592
1314655748
1314927492
1315201324
1315479744
1315798376
1316096436
1316369168
1316638672
1316948692
1317230236
1317527268
1317671292
1317814360
1318089468
1318359576
1318642420
1318786028
1319084292
1319223684
1319368284
1319512488
1319786064
1320056428
1320335144
1320614868
1320758360
1321071772
1321372196
1321644324
1321913576
1322191912
1322470912
1322767228
1323038960
1323350108
1323647776
1323926224
1324069928
1324212616
1324485084
1324755020
1325038948
1325182348
1325490524
1325630024
1325774536
1325982344
1326123112
1326264212
1326408912
1326553544
1326697824
1326842804
1326987352
1327132188
1327272948
1327413716
1327558020
1327833980
1328104548
1328387236
1328656808
1328800612
1329121188
1329394016
1329673412
1329942796
1330217288
1330499996
1330770256
1331049704
1331347688
1331632296
1331911752
1332055748
1332198804
1332473612
1332747460
1333030760
1333174612
1333485084
1333624808
1333769956
1333914488
1334188504
1334459364
1334742200
1335013724
1335157488
1335471564
1335755556
1336035064
1336321580
1336601584
1336871496
1337170812
1337450500
1337765628
1338049992
1338326180
1338469960
1338612728
1338886236
1339159380
1339458132
1339602236
1339900244
1340040156
1340185092
1340325840
1340466752
1340611280
1340756116
1340900476
1341045012
1341189580
1341334276
1341475232
1341616064
1341756512
1341897488
1342041748
1342186556
1342330780
1342475452
1342619756
1342764436
1342905140
1343046176
1343186884
1343327468
1343471988
1343616552
1343760816
1343905312
1344049676
1344194180
1344334692
1344475552
1344619932
1344908616
1345183464
1345462732
1345732264
1345875940
