0
86456
158112
256764
540672
790780
1042000
1139524
1433516
1660168
1892220
1990340
2235640
2582200
2783564
2883092
3081740
3267668
3435820
3532900
3731848
3957872
4178800
4367500
4661712
4847976
5148784
5214304
5488644
5707584
5894660
6196096
6382844
6684416
6871260
7167664
7386084
7661600
8359984
8429436
8496408
8741568
8957016
9149376
9213628
9498080
9561784
9658972
9962020
10148644
10448316
10546172
10852364
11038212
11338608
11435656
11742016
11928096
12230372
12327260
12632376
12818272
13122944
13219776
13526384
13712400
14015708
14112184
14483624
14674260
14979628
15076368
15382744
15568472
15872212
16058988
16362660
16549032
16846940
16911244
17243176
17431840
17733360
17919336
18216956
18402444
18702948
18889216
19218100
19406476
22441392
22513132
22580128
22928268
23228508
23452012
23517372
23951200
24071260
24175716
24380680
24567592
24824700
25010520
25259028
25444100
25728344
25911540
26196216
26384904
26449804
26513200
26705660
26770776
26835028
26898684
26963120
27026672
27090232
27154660
27218276
27281880
27346464
27410984
27474600
27538192
27601820
27665424
27729128
27792764
27856532
27920108
27983628
28047132
28110652
28175036
28238640
28302340
28366584
28430128
28493604
28557124
28620684
28685228
28748744
28812244
28876672
28940220
29003804
29067436
29131092
29195512
29259096
29322660
29386776
29450336
29513880
29577548
29641072
29704728
29768680
29832456
29895980
29959672
30024036
30087704
30151288
30215588
30279208
30342740
30407036
30470656
30534116
30597556
30661072
30725416
30788880
30852460
30915924
30979568
31044000
31107640
31171156
31235516
31299024
31362628
31426244
31489840
31554072
31617464
31680900
31744364
31807928
31871880
31935292
31998712
32062124
32125796
32190040
32253680
32317208
32380744
32444156
32508496
32572016
32635536
32699096
32762668
32826844
32890308
32953724
33017344
33080852
33144900
33209212
33272868
33336736
33400336
33463804
33527392
33591052
33654928
33718416
33781964
33845416
33908904
33973028
34036260
34291680
34479992
34544036
34764836
34950352
36205776
1074577796
1074654780
1074730176
1074798692
1074866572
1074932288
1074999960
1075065560
1075133036
1075198824
1075266380
1075332068
1075407572
1075474520
1075542608
1075609628
1075674780
1075742092
1075807500
1075874440
1075939660
1076006724
1076072584
1076139796
1076205000
1076272128
1076337040
1076399224
1076458500
1076518688
1076577940
1076639176
1076703728
1076766332
1076828880
1076891504
1076954512
1077017960
1077080148
1077143212
1077206276
1077269308
1077332288
1077395316
1077459176
1077522244
1077585332
1077648568
1077711520
1077774600
1077837720
1077900660
1077964528
1078027784
1078091132
1078154276
1078217284
1078280480
1078343592
1078406564
1078469660
1078532816
1078595736
1078659060
1078722152
1078785236
1078848368
1078911564
1078975656
1079039920
1079102936
1079166828
1079229812
1079292820
1079355836
1079418924
1079482104
1079545212
1079608288
1079672364
1079735524
1079798540
1079861688
1079924812
1079987768
1080050712
1080113640
1080177552
1080240476
1080303564
1080366584
1080429788
1080492720
1080556072
1080619096
1080682868
1080745864
1080809020
1080872068
1080935220
1080998232
1081061500
1081124528
1081188436
1081251536
1081314640
1081377664
1081440752
1081503856
1081566960
1081630256
1081694336
1081757276
1081820376
1081883340
1081946284
1082009424
1082072420
1082135472
1082199548
1082262484
1082325544
1082388664
1082451584
1082514800
1082577952
1082641136
1082705184
1082768040
1082831056
1082894004
1082957012
1083020160
1083083412
1083146428
1083210340
1083273328
1083336344
1083399524
1083462580
1083525836
1083588948
1083652064
1083715908
1083778952
1083842052
1083905148
1083968168
1084031324
1084094400
1084157360
1084221532
1084284576
1084347676
1084411368
1084474520
1084537592
1084600768
1084663712
1084726864
1084789824
1084852916
1084916052
1084979052
1085042060
1085105068
1085168032
1085231928
1085294984
1085358172
1085421320
1085484392
1085547320
1085630028
1085693704
1085756804
1085819928
1085883108
1085946140
1086009128
1086072116
1086134996
1086198168
1086262228
1086325064
1086388064
1086450928
1086513828
1086576900
1086640064
1086703196
1086767048
1086830052
1086893204
1086956312
1087019280
1087082344
1087145536
1087208836
1087272912
1087335840
1087398952
1087461952
1087524960
1087588044
1087651160
1087714100
1087778024
1087840900
1087903904
1087967004
1088030080
1088093308
1088156540
1088219624
1088283740
1088346788
1088409816
1088472884
1088535896
1088599016
1088662248
1088725396
1088789148
1088852168
1088915236
1088978620
1089041668
1089104652
1089167664
1089230816
1089294584
1089357500
1089420580
1089483812
1089546784
1089609908
1089673056
1089736036
1089800228
1089863372
1089926544
1089989784
1090052716
1090115800
1090178868
1090241896
1090305072
1090368112
1090431088
1090494040
1090557284
1090620220
1090683564
1090746664
1090810560
1090873536
1090936536
1090999536
1091062580
1091125508
1091189072
1091252136
1091315784
1091378640
1091441744
1091504700
1091568120
1091631236
1091694544
1091757552
1091821352
1091884192
1091947224
1092010140
1092073624
1092136616
1092199800
1092262764
1092326288
1092389028
1092452612
1092515652
1092579048
1092642044
1092705308
1092769148
1092832892
1092895808
1092958940
1093021924
1093084816
1093147852
1093210816
1093273736
1093337620
1093400552
1093463500
1093526564
1093589856
1093652872
1093716292
1093779384
1093843412
1093906292
1093969232
1094032124
1094095204
1094158060
1094221792
1094284808
1094348624
1094411456
1094474356
1094537360
1094600672
1094663644
1094727172
1094790268
1094853944
1094916792
1094979764
1095042808
1095106212
1095169232
1095232492
1095295360
1095359260
1095422172
1095485248
1095548584
1095611664
1095674600
1095738004
1095800864
1095864776
1095927640
1095990700
1096053760
1096116992
1096179956
1096243496
1096306516
1096370424
1096433572
1096496724
1096559788
1096622792
1096685860
1096748836
1096811840
1096875876
1096938844
1097001812
1097064784
1097127884
1097190924
1097254300
1097317480
1097381440
1097444368
1097507436
1097570400
1097633276
1097696140
1097759784
1097822832
1097886480
1097949300
1098012360
1098075360
1098138880
1098202120
1098265220
1098328352
1098391984
1098454836
1098517872
1098580832
1098644352
1098707540
1098770556
1098833424
1098897064
1098959960
1099023356
1099086520
1099149856
1099212848
1099276040
1099339036
1099403024
1099465936
1099529044
1099592064
1099655092
1099718072
1099781436
1099844380
1099908200
1099986196
1100050396
1100113860
1100176780
1100240656
1100303760
1100366916
1100430112
1100492984
1100555968
1100619708
1100682624
1100746560
1100809672
1100872704
1100935832
1100998884
1101061728
1101124704
1101187596
1101251604
1101314740
1101377724
1101440760
1101503800
1101566728
1101630328
1101693372
1101757352
1101820268
1101883180
1101946228
1102009196
1102072228
1102136092
1102199220
1102262948
1102325796
1102388780
1102451768
1102514588
1102577780
1102640980
1102703876
1102767788
1102830704
1102893692
1102956744
1103020116
1103083180
1103146820
1103209644
1103273336
1103336212
1103399176
1103462272
1103525496
1103588400
1103652008
1103714912
1103778756
1103841692
1103904968
1103967792
1104030836
1104093720
1104157528
1104220300
1104284120
1104347112
1104409888
1104472900
1104536248
1104599144
1104662968
1104725972
1104789892
1104852888
1104915784
1104978744
1105041728
1105104572
1105168348
1105231260
1105294992
1105357984
1105420944
1105484008
1105547240
1105610276
1105674040
1105736944
1105800692
1105863652
1105926608
1105989548
1106052536
1106115484
1106179272
1106242128
1106305684
1106368472
1106431612
1106494544
1106558140
1106621076
1106684872
1106747592
1106811364
1106874264
1106937112
1107000016
1107063612
1107126396
1107190088
1107252868
1107316560
1107379412
1107442580
1107505764
1107569160
1107632100
1107695716
1107758652
1107821728
1107884652
1107948164
1108011140
1108074280
1108137208
1108200168
1108262968
1108325844
1108388748
1108451688
1108515444
1108578248
1108641164
1108704036
1108766960
1108829892
1108893460
1108956224
1109019864
1109082584
1109146116
1109209004
1109272444
1109335580
1109398904
1109462000
1109524968
1109587856
1109651724
1109714768
1109778008
1109841056
1109904288
1109967096
1110030908
1110093608
1110157072
1110220140
1110283352
1110346460
1110409868
1110472948
1110536896
1110599860
1110662852
1110725828
1110788732
1110851568
1110915224
1110978088
1111041812
1111104748
1111168004
1111230968
1111294276
1111357176
1111420696
1111483736
1111547584
1111610520
1111673528
1111736620
1111799716
1111862676
1111926112
1111989052
1112053016
1112115968
1112178900
1112242144
1112305192
1112368200
1112431612
1112494820
1112558792
1112621756
1112684716
1112747616
1112810636
1112873616
1112937084
1113000304
1113064076
1113126980
1113190048
1113253084
1113316112
1113379264
1113442544
1113505644
1113569616
1113632548
1113695600
1113758672
1113821732
1113884908
1113948020
1114011060
1114075088
1114138128
1114201276
1114264412
1114340972
1114405344
1114468544
1114531628
1114594836
1114657880
1114721032
1114784340
1114847456
1114910540
1114973444
1115036388
1115099604
1115162512
1115225596
1115288712
1115351792
1115414772
1115478204
1115541116
1115605192
1115668072
1115731144
1115794128
1115857180
1115920236
1115983688
1116046664
1116110472
1116173492
1116236592
1116299512
1116362680
1116425584
1116489088
1116552120
1116616304
1116679392
1116742292
1116805264
1116868192
1116931180
1116994700
1117057880
1117121780
1117184772
1117247832
1117310888
1117373736
1117436732
1117499988
1117563092
1117627060
1117690036
1117752968
1117815904
1117879092
1117942264
1118005548
1118068456
1118132376
1118195272
1118258228
1118321168
1118384500
1118447564
1118510844
1118573944
1118637876
1118700784
1118763832
1118826880
1118890128
1118953168
1119016368
1119079356
1119143152
1119206096
1119269080
1119332196
1119395476
1119458540
1119521776
1119584720
1119648492
1119711480
1119774624
1119837764
1119900756
1119963736
1120027212
1120090200
1120153976
1120216972
1120280032
1120343080
1120406220
1120469320
1120532620
1120595636
1120659012
1120722192
1120785480
1120848560
1120911720
1120974828
1121038060
1121101144
1121165196
1121228260
1121291356
1121354524
1121417480
1121480576
1121543700
1121606844
1121670960
1121733784
1121796868
1121859792
1121922616
1121985600
1122049048
1122112136
1122175916
1122238884
1122301900
1122364868
1122428044
1122491156
1122554460
1122617584
1122681472
1122744624
1122807776
1122870836
1122933964
1122997144
1123060272
1123123308
1123187048
1123250140
1123313328
1123376480
1123439992
1123503188
1123566232
1123629308
1123692464
1123755516
1123818544
1123881612
1123944636
1124007600
1124070664
1124133704
1124197684
1124260672
1124323912
1124387120
1124450104
1124513204
1124576116
1124639076
1124702416
1124765384
1124828908
1124891904
1124955140
1125018208
1125081476
1125144392
1125208260
1125271272
1125334408
1125397412
1125460556
1125523592
1125586976
1125650136
1125714076
1125777108
1125840104
1125903064
1125966088
1126029108
1126092544
1126155556
1126219704
1126282632
1126345620
1126408700
1126471572
1126534632
1126597932
1126660920
1126724768
1126787624
1126850544
1126913596
1126976892
1127039996
1127103428
1127166424
1127230508
1127293436
1127356516
1127419492
1127482396
1127545488
1127608800
1127671728
1127735636
1127798648
1127861604
1127924696
1127987872
1128050976
1128114140
1128177272
1128241264
1128304216
1128367320
1128430480
1128493712
1128556732
1128619760
1128700068
1128765096
1128828352
1128891540
1128954620
1129018000
1129080972
1129143932
1129206944
1129270512
1129333600
1129396584
1129459484
1129522812
1129585828
1129649212
1129712252
1129775552
1129838688
1129901952
1129964956
1130028304
1130091264
1130154760
1130217768
1130281636
1130344700
1130407780
1130470816
1130533888
1130597044
1130660252
1130723344
1130787172
1130850164
1130913204
1130976260
1131039208
1131102384
1131165724
1131228936
1131292704
1131355616
1131418604
1131481600
1131544548
1131607796
1131671136
1131734068
1131797372
1131860280
1131923796
1131986880
1132050180
1132113252
1132176388
1132239260
1132303192
1132366108
1132429116
1132492148
1132555660
1132618884
1132682008
1132745136
1132809156
1132872104
1132935236
1132998476
1133061512
1133124584
1133187780
1133250872
1133314776
1133377932
1133441364
1133504660
1133567624
1133630560
1133693532
1133756652
1133819728
1133882860
1133946040
1134009196
1134072336
1134135396
1134198400
1134261336
1134325360
1134388540
1134451536
1134514552
1134577788
1134640816
1134703820
1134766900
1134830740
1134893828
1134956864
1135019824
1135082836
1135145860
1135209232
1135272428
1135335584
1135398656
1135461844
1135525004
1135588156
1135651308
1135714580
1135778564
1135841608
1135904652
1135967764
1136030840
1136093828
1136156976
1136220128
1136283224
1136347148
1136410120
1136473212
1136536244
1136599368
1136662536
1136725516
1136788640
1136851792
1136914784
1136978120
1137041272
1137104544
1137167812
1137230876
1137293900
1137357780
1137420744
1137483796
1137546960
1137609996
1137673104
1137736272
1137799172
1137863044
1137926032
1137989072
1138052240
1138115380
1138178336
1138241784
1138304732
1138368536
1138431452
1138494472
1138557516
1138620816
1138683812
1138747224
1138810204
1138874140
1138937372
1139000268
1139063292
1139126248
1139189280
1139252672
1139315808
1139379672
1139442776
1139505816
1139568844
1139631856
1139694928
1139758080
1139820928
1139884868
1139947840
1140010952
1140073892
1140137176
1140200328
1140263560
1140326692
1140390572
1140453648
1140516728
1140579672
1140642700
1140705804
1140769080
1140832108
1140895344
1140958252
1141021704
1141084768
1141148136
1141211196
1141274396
1141337480
1141401300
1141464288
1141527276
1141590352
1141653536
1141716700
1141779752
1141842752
1141906704
1141969732
1142032848
1142096060
1142159132
1142222172
1142285228
1142348164
1142411892
1142474896
1142537996
1142601064
1142664344
1142727432
1142790668
1142853656
1142917088
1142980116
1143059152
1143124520
1143187772
1143250956
1143314892
1143377848
1143442060
1143505284
1143568336
1143631460
1143694640
1143757808
1143820924
1143884112
1143947436
1144010636
1144073804
1144136932
1144200012
1144263184
1144326380
1144389572
1144452776
1144515796
1144578824
1144641872
1144704896
1144768100
1144831356
1144894536
1144957696
1145020856
1145083896
1145146920
1145210480
1145273748
1145336784
1145399728
1145463556
1145526572
1145589668
1145652676
1145716028
1145779212
1145842244
1145905340
1145969076
1146031928
1146094984
1146158124
1146221316
1146284400
1146347508
1146410572
1146474316
1146537348
1146600576
1146663736
1146726864
1146790068
1146853132
1146916324
1146980404
1147043576
1147106800
1147169840
1147232796
1147295852
1147358716
1147421612
1147485552
1147548608
1147611784
1147674704
1147737632
1147800652
1147863816
1147926688
1147990492
1148053484
1148116544
1148179572
1148242756
1148305752
1148369232
1148432220
1148495468
1148558472
1148622000
1148685084
1148748196
1148811068
1148874736
1148937720
1149001220
1149064128
1149127388
1149190288
1149253720
1149316768
1149380352
1149443320
1149506976
1149570036
1149633080
1149696092
1149759180
1149822308
1149885736
1149948696
1150012576
1150075572
1150138600
1150201592
1150264664
1150327812
1150391052
1150454048
1150518020
1150581032
1150644044
1150707032
1150770248
1150833440
1150896416
1150959496
1151023204
1151086208
1151149208
1151212344
1151275584
1151338576
1151401996
1151465136
1151529120
1151592108
1151655384
1151718596
1151781548
1151844608
1151907580
1151970556
1152034264
1152097252
1152160340
1152223224
1152286412
1152349484
1152412692
1152475724
1152539776
1152602908
1152665952
1152728968
1152791952
1152854956
1152918224
1152981328
1153045472
1153108480
1153171520
1153234524
1153297460
1153360480
1153423760
1153486832
1153550904
1153613856
1153676904
1153740096
1153803000
1153866096
1153929196
1153992152
1154056108
1154119008
1154182000
1154245056
1154308128
1154371212
1154434584
1154497512
1154561388
1154624388
1154687332
1154750316
1154813656
1154876788
1154939932
1155002868
1155066228
1155129344
1155192688
1155255728
1155319112
1155382172
1155445368
1155508284
1155572188
1155635116
1155698172
1155761232
1155824624
1155887640
1155950948
1156014012
1156077628
1156140640
1156203728
1156266804
1156329972
1156393148
1156456248
1156519192
1156582992
1156646060
1156709516
1156772588
1156835584
1156898616
1156961824
1157024948
1157088240
1157151332
1157214400
1157277420
1157340840
1157418840
1157483464
1157546880
1157610128
1157673112
1157736152
1157800008
1157862964
1157926984
1157990160
1158053252
1158116396
1158179336
1158242368
1158305424
1158368424
1158432368
1158495556
1158558588
1158621748
1158684696
1158747764
1158810764
1158873712
1158937524
1159000644
1159063560
1159126548
1159189416
1159252332
1159316232
1159379184
1159442896
1159505808
1159568632
1159632368
1159695212
1159758272
1159822216
1159885240
1159948236
1160011156
1160074096
1160137028
1160200240
1160263272
1160327000
1160389832
1160453556
1160516496
1160579364
1160642312
1160705780
1160768908
1160832200
1160895096
1160958832
1161021724
1161084760
1161147856
1161211200
1161274180
1161337728
1161400584
1161464380
1161527332
1161590372
1161653392
1161716636
1161779584
1161842844
1161905716
1161969616
1162032556
1162095604
1162158744
1162221992
1162284956
1162348456
1162411640
1162475348
1162538392
1162601592
1162664764
1162727632
1162790580
1162854412
1162917344
1162981128
1163044084
1163107060
1163169888
1163232792
1163295696
1163359296
1163422228
1163485668
1163548888
1163612100
1163675176
1163738344
1163801204
1163864980
1163927888
1163991788
1164054688
1164117520
1164180708
1164243784
1164306804
1164370700
1164433680
1164497440
1164560396
1164623272
1164686260
1164749208
1164812332
1164875644
1164938680
1165002628
1165065616
1165128572
1165192584
1165255488
1165318688
1165381800
1165444848
1165508664
1165571720
1165634728
1165697972
1165761088
1165824236
1165887240
1165950120
1166013944
1166076908
1166139896
1166203040
1166266120
1166329104
1166392916
1166455952
1166519044
1166582028
1166645044
1166708224
1166771200
1166834128
1166897976
1166960968
1167024684
1167087752
1167150924
1167213980
1167276868
1167339796
1167403424
1167466344
1167530244
1167593224
1167656360
1167719400
1167782436
1167845488
1167908360
1167972040
1168035284
1168098708
1168161760
1168224828
1168287812
1168350848
1168414792
1168477868
1168541088
1168604100
1168667084
1168730100
1168792948
1168855972
1168919188
1168982272
1169046080
1169109220
1169172296
1169235444
1169298340
1169361340
1169425248
1169488196
1169551936
1169614900
1169677828
1169740808
1169803836
1169867016
1169930052
1169992956
1170056620
1170119628
1170182592
1170245684
1170309164
1170372348
1170436200
1170499056
1170562940
1170625932
1170688832
1170752196
1170815180
1170878076
1170941864
1171004780
1171068744
1171131536
1171194516
1171257700
1171320668
1171383636
1171447516
1171510444
1171573348
1171636332
1171699376
1171777368
1171842136
1171905192
1171968172
1172031268
1172094280
1172157768
1172220628
1172284432
1172347392
1172410364
1172473264
1172536796
1172599876
1172663208
1172726224
1172790028
1172852996
1172915876
1172978888
1173042300
1173105356
1173168544
1173231408
1173294856
1173357832
1173421188
1173484224
1173547968
1173610876
1173673960
1173737044
1173800872
1173863784
1173926736
1173989868
1174053144
1174116224
1174179408
1174242348
1174306172
1174369076
1174432376
1174495372
1174558524
1174621520
1174684872
1174747860
1174811760
1174874832
1174937788
1175000732
1175063840
1175126864
1175190356
1175253316
1175316832
1175379876
1175443120
1175506184
1175569240
1175632196
1175695808
1175758836
1175822800
1175885692
1175948656
1176011600
1176074796
1176137832
1176201348
1176264416
1176328236
1176391176
1176454124
1176517240
1176580292
1176643348
1176706832
1176769912
1176833816
1176896848
1176959832
1177022908
1177085944
1177149012
1177212132
1177274996
1177338476
1177401448
1177464884
1177527908
1177591256
1177654436
1177717492
1177780612
1177844380
1177907196
1177970312
1178033328
1178096692
1178159760
1178223040
1178286124
1178349908
1178412808
1178475972
1178539060
1178602052
1178665128
1178728432
1178791340
1178855028
1178918068
1178981428
1179044576
1179107576
1179170940
1179233940
1179297232
1179361364
1179424480
1179487636
1179550792
1179613776
1179676848
1179739896
1179803000
1179867232
1179930220
1179993176
1180056064
1180118940
1180181836
1180244828
1180307748
1180371824
1180434804
1180497744
1180560864
1180623772
1180686684
1180750204
1180813180
1180876920
1180939876
1181002924
1181065848
1181129200
1181192168
1181255836
1181318752
1181381952
1181444716
1181508296
1181571236
1181634728
1181697784
1181761164
1181824076
1181887736
1181950900
1182013888
1182076996
1182140296
1182203328
1182266500
1182329496
1182393456
1182456372
1182519356
1182582448
1182645724
1182708640
1182772028
1182834944
1182898884
1182961820
1183024904
1183087936
1183151072
1183214164
1183277416
1183340528
1183404396
1183467384
1183530464
1183593476
1183656452
1183719456
1183782888
1183845800
1183909632
1183972640
1184035892
1184098808
1184161864
1184224936
1184288300
1184351244
1184415048
1184477992
1184540996
1184603884
1184667384
1184730648
1184793728
1184856844
1184920604
1184983428
1185046396
1185109376
1185172776
1185235824
1185299288
1185362356
1185426320
1185489204
1185552128
1185615056
1185678280
1185741288
1185804812
1185867868
1185931820
1185994772
1186057736
1186120800
1186203736
1186267924
1186330760
1186394168
1186457008
1186520656
1186583592
1186647356
1186710252
1186774104
1186837096
1186899904
1186962804
1187025972
1187088932
1187152528
1187215372
1187278956
1187341768
1187405048
1187467936
1187531444
1187594404
1187658468
1187721352
1187785080
1187847856
1187910644
1187973536
1188036988
1188100028
1188163824
1188226740
1188290400
1188353196
1188415992
1188478896
1188542416
1188605384
1188668928
1188731832
1188795156
1188858168
1188921444
1188984552
1189047856
1189110772
1189174568
1189237376
1189301184
1189364312
1189427428
1189490500
1189553320
1189616464
1189680096
1189742896
1189806768
1189869924
1189933020
1189995968
1190058876
1190121836
1190185620
1190248504
1190312664
1190375688
1190438712
1190501668
1190564492
1190627448
1190691280
1190754252
1190818096
1190881116
1190944012
1191007032
1191069832
1191132852
1191196512
1191259488
1191323236
1191386228
1191449244
1191512256
1191575244
1191638380
1191702200
1191765216
1191828952
1191891964
1191954792
1192017768
1192080720
1192143816
1192206952
1192269868
1192333740
1192396736
1192459636
1192522612
1192585924
1192648952
1192712592
1192775420
1192839252
1192902208
1192965084
1193028056
1193091352
1193154324
1193218212
1193281120
1193344912
1193407820
1193470756
1193533928
1193596948
1193659920
1193723560
1193786460
1193850316
1193913352
1193976404
1194039556
1194102352
1194165396
1194228552
1194291480
1194355428
1194418444
1194481508
1194544396
1194607660
1194670632
1194734508
1194797316
1194861256
1194924332
1194987252
1195050188
1195113112
1195176212
1195239940
1195302904
1195366772
1195429896
1195492852
1195555740
1195618680
1195681692
1195745436
1195808444
1195871772
1195934736
1195997728
1196060856
1196123932
1196186960
1196250788
1196313800
1196377752
1196440676
1196503620
1196566656
1196629484
1196692572
1196756356
1196819224
1196882956
1196945984
1197008964
1197072048
1197135040
1197198108
1197261960
1197324788
1197388552
1197451440
1197514256
1197577328
1197640344
1197703360
1197767036
1197829872
1197893624
1197956572
1198019560
1198082720
1198145756
1198208724
1198272084
1198334976
1198398848
1198461856
1198524848
1198587976
1198651052
1198714068
1198777864
1198840820
1198904580
1198967640
1199030760
1199093888
1199156828
1199219792
1199283520
1199346524
1199410236
1199473264
1199536236
1199599232
1199661992
1199725052
1199788796
1199851816
1199915848
1199978816
1200041984
1200104932
1200167804
1200230924
1200294812
1200357848
1200420940
1200484044
1200566104
1200629900
1200692884
1200756024
1200819144
1200882112
1200945144
1201008204
1201071080
1201134112
1201197180
1201260448
1201323576
1201386584
1201450384
1201513468
1201576536
1201639692
1201702736
1201765840
1201829644
1201892644
1201956368
1202019412
1202082276
1202145356
1202208352
1202271260
1202334304
1202397172
1202460920
1202523944
1202587152
1202650412
1202713512
1202776620
1202840316
1202903104
1202966936
1203029952
1203093016
1203156176
1203219148
1203282140
1203345924
1203408832
1203472636
1203535700
1203598640
1203661652
1203724640
1203787668
1203851576
1203914512
1203977524
1204040584
1204103536
1204166548
1204229728
1204292720
1204356032
1204419200
1204483276
1204546288
1204609144
1204672168
1204735120
1204798116
1204861780
1204924820
1204988704
1205051596
1205114504
1205177476
1205240552
1205303580
1205367152
1205430264
1205494228
1205557208
1205620128
1205683076
1205746052
1205809080
1205872944
1205935852
1205999548
1206062500
1206125440
1206188492
1206251548
1206314664
1206377848
1206440752
1206504436
1206567592
1206630452
1206693544
1206757032
1206820080
1206883824
1206946712
1207010804
1207073832
1207136900
1207200144
1207263104
1207326040
1207389004
1207451908
1207515600
1207578712
1207641768
1207704872
1207767812
1207830756
1207894428
1207957268
1208020512
1208083608
1208146936
1208210000
1208273280
1208336308
1208400136
1208463080
1208526068
1208589068
1208652236
1208715236
1208778652
1208841576
1208905520
1208968556
1209031668
1209094612
1209157720
1209220720
1209284172
1209347196
1209411152
1209474208
1209537988
1209601064
1209664020
1209727132
1209790164
1209853304
1209917224
1209980396
1210043408
1210106372
1210169428
1210232440
1210295452
1210358572
1210421592
1210484456
1210547696
1210610600
1210674100
1210737072
1210800460
1210863588
1210927336
1210990288
1211053212
1211116164
1211179492
1211242572
1211305896
1211368800
1211432484
1211495380
1211559204
1211622144
1211685176
1211748252
1211811232
1211874144
1211938012
1212000880
1212064548
1212127788
1212190764
1212253884
1212316692
1212379692
1212443044
1212505948
1212569952
1212633160
1212696260
1212759344
1212822076
1212885004
1212948636
1213011468
1213075356
1213138440
1213201224
1213264136
1213327520
1213390420
1213453380
1213516260
1213579252
1213642280
1213705192
1213768288
1213831176
1213894160
1213957148
1214020356
1214083376
1214146576
1214209432
1214273100
1214335932
1214399380
1214462416
1214525708
1214588636
1214652068
1214715028
1214778952
1214841848
1214918000
1214982408
1215045520
1215108552
1215171616
1215234684
1215298736
1215362360
1215425588
1215488728
1215551760
1215614768
1215677664
1215740716
1215804628
1215867696
1215930808
1215993764
1216056792
1216119872
1216182852
1216246048
1216309844
1216372888
1216436044
1216499168
1216562204
1216625268
1216688308
1216751552
1216815524
1216878332
1216941312
1217004232
1217067164
1217130276
1217193548
1217256640
1217320540
1217383436
1217446436
1217509508
1217572408
1217635468
1217698876
1217761780
1217824980
1217887912
1217951508
1218014468
1218077880
1218142040
1218205160
1218268132
1218331276
1218394152
1218457152
1218520384
1218583464
1218646640
1218709696
1218772692
1218836492
1218899456
1218962476
1219025560
1219088748
1219151732
1219215068
1219278140
1219342144
1219405188
1219468376
1219531620
1219594648
1219657732
1219720792
1219783744
1219851384
1219935320
1220002876
1220069032
1220135180
1220201044
1220266744
1220332628
1220398560
1220465108
1220530888
1220596648
1220662592
1220728484
1220794380
1220860408
1220926228
1220992132
1221057848
1221123648
1221190460
1221257092
1221322852
1221388808
1221454680
1221520524
1221586500
1221652164
1221718156
1221784880
1221850672
1221916540
1221982388
1222048196
1222114260
1222180184
1222246308
1222312188
1222377976
1222444792
1222510772
1222576592
1222642624
1222708588
1222774524
1222840620
1222906516
1222972488
1223039152
1223105136
1223171100
1223237088
1223303024
1223369020
1223435016
1223501000
1223567956
1223634188
1223700168
1223765960
1223831796
1223897840
1223963728
1224029800
1224095864
1224162204
1224228960
1224294956
1224360880
1224426800
1224492784
1224558712
1224625452
1224691128
1224757036
1224822840
1224888744
1224954704
1225020704
1225086612
1225152552
1225218436
1225284512
1225350884
1225416796
1225482648
1225548344
1225614116
1225680000
1225745980
1225811920
1225877820
1225943880
1226009644
1226076320
1226142888
1226208668
1226274520
1226340552
1226406356
1226472400
1226538348
1226605188
1226672004
1226737964
1226804112
1226870040
1226935884
1227001864
1227068428
1227134284
1227200364
1227266468
1227332300
1227398180
1227463932
1227529804
1227595668
1227661456
1227728456
1227794232
1227860092
1227926168
1227992108
1228058200
1228124276
1228190292
1228257188
1228323300
1228389240
1228455284
1228521304
1228587444
1228653704
1228720616
1228786756
1228852932
1228918760
1228984844
1229051000
1229117144
1229184056
1229268364
1229335892
1229401912
1229467880
1229534036
1229600296
1229666136
1229732048
1229797780
1229863768
1229929776
1229995684
1230061464
1230127280
1230193112
1230258996
1230325732
1230392448
1230458332
1230524052
1230589832
1230655640
1230721412
1230787244
1230853156
1230921088
1230987032
1231052840
1231118640
1231184280
1231250140
1231316012
1231381744
1231447580
1231513328
1231579952
1231646588
1231712548
1231778576
1231844460
1231910224
1231976220
1232042020
1232108848
1232175664
1232241496
1232307412
1232373216
1232438996
1232504896
1232570588
1232636580
1232703536
1232769472
1232835380
1232901264
1232966936
1233032836
1233098772
1233164784
1233230804
1233296504
1233363108
1233429804
1233495668
1233561680
1233627660
1233693500
1233759556
1233825312
1233892012
1233958664
1234024520
1234090492
1234156496
1234222380
1234288348
1234354240
1234420796
1234486860
1234552764
1234618760
1234684588
1234750480
1234816384
1234882328
1234948256
1235015248
1235081056
1235146948
1235213008
1235278756
1235344648
1235410552
1235476656
1235542608
1235608416
1235675336
1235741256
1235807056
1235873072
1235938936
1236004780
1236070760
1236136632
1236202364
1236268280
1236334960
1236400880
1236466736
1236532548
1236598324
1236664124
1236729956
1236795868
1236861736
1236927508
1236993124
1237058932
1237124772
1237191392
1237257384
1237323244
1237389208
1237455088
1237520916
1237586712
1237652592
1237718548
1237784620
1237851208
1237917128
1237983100
1238048912
1238115004
1238180968
1238246692
1238312596
1238378432
1238444256
1238511112
1238577004
1238643160
1238709056
1238774744
1238840688
1238906568
1238972596
1239038720
1239105488
1239171324
1239237320
1239303224
1239369180
1239435156
1239501148
1239567248
1239633128
1239699880
1239765692
1239831596
1239897516
1239963668
1240029852
1240095844
1240161672
1240228672
1240294740
1240360624
1240426692
1240492592
1240558416
1240624304
1240690240
1240756048
1240822012
1240888644
1240954696
1241020624
1241086372
1241152228
1241218072
1241284112
1241350412
1241416256
1241482972
1241548880
1241614704
1241680568
1241746512
1241812468
1241878436
1241944376
1242010268
1242075996
1242142764
1242209540
1242275416
1242341228
1242407056
1242472936
1242538768
1242604628
1242670544
1242737276
1242803024
1242869052
1242935092
1243001032
1243066952
1243132908
1243198856
1243264812
1243331544
1243397432
1243463348
1243529168
1243610436
1243679284
1243745436
1243811652
1243877788
1243944608
1244010704
1244076768
1244143052
1244209096
1244275348
1244342404
1244408540
1244474788
1244541040
1244607096
1244673116
1244739080
1244805808
1244871976
1244937968
1245003956
1245070072
1245136192
1245202360
1245269136
1245335064
1245401048
1245467056
1245533112
1245599228
1245665212
1245731188
1245797916
1245864068
1245930464
1245996556
1246062656
1246128748
1246194612
1246261584
1246327628
1246393696
1246459596
1246525508
1246591548
1246657500
1246723468
1246790180
1246856320
1246922188
1246988232
1247054272
1247120356
1247186624
1247253380
1247319616
1247385712
1247451672
1247517704
1247583536
1247649516
1247715620
1247782352
1247848300
1247914228
1247980128
1248046064
1248111968
1248178044
1248243956
1248309964
1248376732
1248442644
1248508580
1248574548
1248640520
1248706648
1248772700
1248838788
1248905692
1248971768
1249037816
1249103836
1249169724
1249235800
1249301768
1249367664
1249434556
1249500568
1249566612
1249632784
1249698624
1249764636
1249830632
1249896536
1249963552
1250029708
1250095580
1250162076
1250228064
1250294248
1250360884
1250426868
1250492948
1250558912
1250624992
1250691056
1250756888
1250822800
1250889852
1250955844
1251021832
1251087828
1251153772
1251219796
1251285752
1251351976
1251418740
1251484632
1251550588
1251616596
1251682500
1251748796
1251814812
1251880860
1251947544
1252013344
1252079356
1252145404
1252211460
1252277612
1252343632
1252409540
1252476200
1252542276
1252608196
1252674260
1252740348
1252806464
1252872352
1252938448
1253005088
1253071372
1253137624
1253203920
1253269952
1253335972
1253402840
1253468876
1253534968
1253601144
1253667212
1253733120
1253799228
1253866236
1253932252
1253998392
1254064416
1254130516
1254196436
1254262320
1254328272
1254395132
1254461048
1254527076
1254593280
1254659372
1254725616
1254791660
1254858208
1254925136
1254991196
1255057268
1255123304
1255189356
1255256108
1255322080
1255388260
1255454600
1255520656
1255586688
1255652780
1255719412
1255785544
1255851716
1255917848
1255984436
1256050504
1256117368
1256183364
1256249304
1256315320
1256381516
1256447484
1256513624
1256579576
1256646096
1256712244
1256778404
1256844680
1256910752
1256976688
1257042696
1257109396
1257175384
1257241480
1257307512
1257373484
1257439632
1257505732
1257572864
1257638844
1257704980
1257771240
1257837208
1257903188
1257984584
1258052376
1258118700
1258184944
1258251412
1258317400
1258383372
1258449228
1258515024
1258580968
1258647188
1258713116
1258779284
1258845624
1258911716
1258977692
1259043652
1259109616
1259175500
1259241248
1259307068
1259372988
1259438836
1259505640
1259571524
1259637428
1259703352
1259769092
1259834988
1259900672
1259966492
1260032464
1260098152
1260163988
1260229776
1260296420
1260362380
1260428544
1260494420
1260560360
1260626248
1260692224
1260758120
1260824020
1260890984
1260956992
1261022848
1261088904
1261154852
1261220764
1261286784
1261352708
1261419764
1261485660
1261551512
1261617500
1261683476
1261749364
1261815880
1261881932
1261948536
1262015260
1262081104
1262147040
1262213204
1262279252
1262346688
1262412612
1262478640
1262544900
1262610828
1262676948
1262743072
1262809696
1262875580
1262941464
1263007388
1263073400
1263139436
1263205528
1263271732
1263338584
1263404724
1263470648
1263536576
1263602748
1263668764
1263734792
1263800720
1263867316
1263934204
1264000100
1264066124
1264132132
1264198156
1264264020
1264330676
1264396504
1264462520
1264528476
1264594580
1264660452
1264726628
1264792556
1264859460
1264925328
1264991360
1265057188
1265123088
1265188884
1265254788
1265320588
1265386352
1265452380
1265518376
1265584852
1265650764
1265716508
1265782280
1265848080
1265914016
1265980004
1266045912
1266111712
1266177744
1266243736
1266310320
1266376532
1266442600
1266508508
1266574588
1266640320
1266706264
1266772324
1266839300
1266905404
1266971352
1267037324
1267103532
1267169416
1267235336
1267301444
1267368048
1267434064
1267499904
1267565776
1267632172
1267698216
1267764408
1267831488
1267897332
1267963264
1268029240
1268095136
1268161324
1268227380
1268293324
1268360188
1268426088
1268492152
1268558108
1268624024
1268690076
1268756052
1268821996
1268887988
1268954520
1269021296
1269087372
1269153468
1269219496
1269285448
1269352368
1269418368
1269484288
1269550208
1269616124
1269681912
1269747752
1269813636
1269879512
1269945452
1270012284
1270078244
1270144176
1270209976
1270275880
1270341688
1270407788
1270473752
1270541088
1270606884
1270672720
1270738556
1270804384
1270870084
1270936104
1271002000
1271067856
1271133752
1271199512
1271266404
1271333200
1271399112
1271465136
1271530916
1271596700
1271662628
1271728412
1271795208
1271862164
1271927980
1271993996
1272059964
1272125904
1272191904
1272258632
1272342588
1272410824
1272476988
1272543028
1272609544
1272675536
1272741420
1272807508
1272873480
1272939580
1273005324
1273071164
1273137272
1273203944
1273269980
1273335908
1273401708
1273468052
1273533976
1273600052
1273666108
1273732788
1273798672
1273864620
1273930384
1273996304
1274062252
1274128300
1274194364
1274260252
1274327184
1274392212
1274454656
1274520284
1274588356
1274663620
1274731404
1274851048
1275130588
1275345476
1275532800
1275600372
1275669240
1275767652
1275967996
1276194944
1276382528
1276448568
1276516360
1276614144
1276817692
1276983288
1277190936
1277257204
1277325164
1277423224
1277629976
1277816088
1278014468
1278080572
1278148636
1278246788
1278449772
1278659620
1278845712
1278911944
1278979724
1279077424
1279275236
1279501944
1279687348
1279753388
1279821328
1279918552
1280117656
1280286684
1280491516
1280557844
1280625960
1280723532
1280927876
1281113732
1281305908
1281372076
1281440220
1281537612
1281745740
1281953248
1282139284
1282205296
1282273216
1282370980
1282569380
1282795552
1282980520
1283046604
1283114748
1283212436
1283411900
1283617444
1283823668
1283889900
1283957624
1284055228
1284259388
1284469980
1284656048
1284722364
1284790268
1284888004
1285085868
1285312260
1285497844
1285563976
1285631804
1285730036
1285929968
1286138576
1286341496
1286407436
1286475224
1286572780
1286799720
1287006780
1287193804
1287260368
1287328360
1287426300
1287625376
1287849064
1288035684
1288101816
1288168280
1288364620
1288597208
1288784504
1288850504
1288917096
1289113620
1289345952
1289553812
1289619920
1289686280
1289915132
1290099492
1290289888
1290355728
1290422348
1290659036
1290843792
1291063560
1291193500
1291263496
1291397012
1291467748
1291533608
1291602652
1291667920
1291735672
1291819780
1291888776
1292087924
1292311876
1292498876
1292690996
1292755952
1293022452
1293212364
1293409756
1293596492
1293799120
1294008104
1294194140
1294430124
1294648456
1294841840
1295430112
1295500236
1295567284
1295806608
1295997520
1296225740
1296290816
1296520584
1296582740
1296738084
1296807840
1297006368
1297232356
1297444832
1297631596
1297696132
1297912092
1298130616
1298317076
1298550172
1298762612
1298948888
1299183112
1299395084
1299610776
1299821172
1300226820
1300292192
1300515092
1300730668
1300921068
1300985308
1301295712
1301357224
1301520780
1301583788
1301654028
1301721772
1301919696
1302157932
1302388784
1302576564
1302641500
1302907836
1303096960
1303301252
1303511768
1303697760
1304000244
1304186496
1304485172
1304700480
1304975808
1306446400
1306514436
1307051232
1307308868
1307527512
1307592896
1307872188
1307933800
1308024340
1308092536
1308296392
1308463272
1308670740
1308857692
1308922192
1309205280
1309395188
1309644508
1309830500
1310132892
1310319460
1310622844
1310809276
1311137888
1311327868
1312558520
1312622792
1313158660
1313528332
1313743860
1313808560
1314037764
1314100048
1314254008
1314323792
1314523432
1314841612
1315031792
1315335688
1315399996
1315761028
1315951208
1316255432
1316442720
1316742116
1316928400
1317226776
1317412716
1317740448
1317928356
1319359832
1319427592
1319776732
1319844988
1320143980
1320212824
1320439596
1320504360
1320907484
1320975568
1321279088
1321343740
1321530480
1321595840
1321768764
1321833236
1322136680
1322200964
1322387268
1322452288
1322681032
1322745476
1322931248
1322995640
1323163200
1323227624
1323530628
1323594852
1323780936
1323845212
1324082584
1324146980
1324331896
1324396508
1324564648
1324629168
1324931088
1324995436
1325180676
1325245140
1325472860
1325771584
1325974224
1326038732
1326336832
1326402152
1326588492
1326652908
1326898200
1326962848
1327149276
1327213632
1327384292
1327448724
1327749916
1327814652
1328000552
1328065132
1328302008
1328366372
1328552064
1328616620
1328785196
1328849952
1329151588
1329216040
1329402160
1329467620
1329692020
1329756496
1329971932
1330037176
1330206488
1330271152
1330571832
1330636412
1330822376
1330887064
1331079120
1331143456
1331340168
1331405428
1331587432
1331651768
1331949088
1332014312
1332200364
1332265012
1332436440
1332500980
1332804212
1332868564
1333055176
1333119692
1333343924
1333408336
1333593364
1333657792
1333824736
1333889104
1334193772
1334258196
1334443344
1334508032
1334735244
1334799536
1334985356
1335049748
1335219840
1335284804
1335587092
1335651604
1335837124
1335901540
1336125436
1336189848
1336374976
1336439476
1336606376
1336671040
1336967320
1337031684
1337217468
1337281940
1337526808
1337592020
1337778908
1337843440
1338014488
1338079772
1338381216
1338445692
1338630608
1338695176
1338931824
1338996504
1339181604
1339246124
1339417004
1339481284
1339784040
1339848400
1340034032
1340098428
1340326392
1340391396
1340576156
1340640564
1340810684
1340875020
1341176584
1341241068
1341427348
1341491708
1341719628
1341783948
1341968924
1342033548
1342201916
1342266140
1342566700
1342631068
1342816772
1342881224
1343117612
1343182028
1343367176
1343431664
1343602072
1343666692
1343971984
1344037036
1344244832
1344309764
1344509172
1344573628
1344875676
1344941192
1345127184
1345192564
1345414044
1345478396
1345663208
1345727752
1345898916
1345963356
1346265448
1346330580
1346516648
1346581148
1346804772
1346869144
1347054952
1347119328
1347287632
1347351988
1347654672
1347719844
1347906544
1347971052
1348198624
1348263068
1348450652
1348516004
1348683792
1348748016
1349050192
1349114548
1349300004
1349364428
1349592588
1349657072
1349842204
1349906600
1350076364
1350140652
1350442228
1350506620
1350692632
1350757760
1350986476
1351050720
1351235832
1351300352
1351467940
1351532416
1351829988
1351894316
1352080444
1352144940
1352390004
1352454472
1352640172
1352704624
1352877048
1352941232
1353242352
1353307444
1353493304
1353557636
1353784700
1353849152
1354034208
1354098532
1354266600
1354330792
1354632384
1354697452
1354883392
1354947712
1355175680
1355240588
1355425568
1355489840
1355657300
1355722288
1356019640
1356083884
1356269776
1356334236
1356580320
1356645300
1356831236
1356895668
1357070708
1357135776
1357435988
1357500676
1357686244
1357750532
1357974996
1358039384
1358224688
1358289120
1358459912
1358544000
1358859764
1358924152
1359110628
1359175228
1359365432
1359429872
1359728692
1359793872
1359979908
1360044008
1360293276
1360357728
1360543004
1360608360
1360776584
1360840816
1361142368
1361207384
1361393060
1361457524
1361684532
1361748868
1361934352
1361998768
1362166436
1362230612
1362534092
1362598432
1362786180
1362851424
1363074668
1363138908
1363323988
1363388292
1363556528
1363620868
1363922056
1363987184
1364174044
1364238396
1364466388
1364530700
1364716032
1364780516
1364949872
1365014156
1365314944
1365379180
1365564228
1365628668
1365856740
1365921064
1366105384
1366169744
1366339940
1366404332
1366706028
1366770256
1366956092
1367020436
1367244448
1367308848
1367493720
1367558156
1367726428
1367790652
1368092356
1368157124
1368342916
1368407220
1368631616
1368695964
1368882176
1368946620
1369114612
1369178948
1369479648
1369544064
1369729336
1369793696
1370021084
1370086048
1370271048
1370335416
1370503696
1370568028
1370870296
1370934636
1371120732
1371185004
1371411748
1371475876
1371660580
1371725288
1371892288
1371957316
1372258912
1372323076
1372509184
1372573656
1372806636
1372871108
1373076740
1373142376
1373311568
1373375856
1373679908
1373745096
1373930804
1373995524
1374187412
1374251752
1374548016
1374612196
1374797784
1374862236
1375107056
1375171352
1375357408
1375421836
1375590632
1375654756
1375956776
1376021172
1376207180
1376272396
1376499008
1376563340
1376748372
1376812752
1376980820
1377045176
1377352668
1377416964
1377602740
1377667876
1377895028
1377959720
1378667412
1378736460
1378801568
1378867008
1378930508
1378993992
1379198292
1379506080
1379694876
1379759736
1380042400
1380139412
1380207444
1380503132
1380689604
1380993868
1381181680
1381246696
1381525576
1381714760
1381990796
1382176376
1382477312
1382663104
1382961948
1383147548
1383477396
1383666260
1384952464
1385019544
1385431880
1385499972
1385843824
1385909328
1386414820
1386744160
1386937568
1387001668
1387311716
1387374892
1387565768
1387635940
1387839196
1388143104
1388329804
1388632828
1388697136
1389026208
1389213744
1389518128
1389704648
1390002760
1390188476
1390488640
1390674596
1391003044
1391191252
1392417228
1392481912
1393085484
1393493656
1393898580
1393965716
1394329644
1394391568
1394477708
1394545644
1394804924
1394992356
1395292540
1395479260
1395544048
1395822592
1396011908
1396283984
1396470480
1396769980
1396957108
1397254252
1397440520
1397767580
1397956312
1399145060
1399209372
1399500620
1399568644
1399779380
1399844420
1400133304
1400198160
1400385980
1400451264
1401114072
1401423508
1401614936
1401705364
1402007896
1402069168
1402291532
1402361740
1402561104
1402864428
1403050880
1403353488
1403417616
1403748788
1403936420
1404239492
1404424924
1404722584
1404907648
1405208484
1405393856
1405724952
1405913700
1407137604
1407202524
1407493820
1407561960
1407858924
1407926768
1408140292
1408205212
1408603088
1408671176
1408960100
1409024548
1409209980
1409274592
1409441316
1409505916
1409804500
1409869968
1410052616
1410116948
1410343964
1410408400
1410590732
1410656276
1410825836
1410890196
1411189052
1411253468
1411436280
1411500972
1411715348
1411779812
1411961980
1412026520
1412193352
1412257648
1412551252
1412615628
1412798088
1412862672
1413090132
1413155344
1413337720
1413402256
1413573272
1413637672
1413934996
1413999356
1414181904
1414246968
1414463440
1414527752
1414709576
1414774716
1414940944
1415005412
1415298512
1415362684
1415545120
1415609516
1415836688
1415901228
1416111488
1416176500
1416345072
1416409692
1416707832
1416773100
1416955756
1417021204
1417219664
1417287524
1417363372
1417428452
1417667832
1417732576
1417915024
1417980412
1418151424
1418215864
1418514516
1418579672
1418762316
1418827612
1419039096
1419103564
1419285824
1419350236
1419518068
1419582248
1419877488
1419942544
1420124876
1420189488
1420407416
1420471800
1420807300
1420872760
1421059948
1421125420
1421294124
1421359248
1421663668
1421729132
1421913644
1421978308
1422170096
1422235260
1422458772
1422523208
1422709076
1422773588
1423072160
1423136612
1423321236
1423385884
1423553332
1423617800
1423919568
1423984860
1424170424
1424234892
1424461904
1424526360
1424711240
1424775968
1424943952
1425008368
1425310372
1425375628
1425561604
1425626104
1425850740
1425914988
1426099920
1426164572
1426332248
1426396516
1426697100
1426761508
1426946844
1427011256
1427248960
1427313356
1427498136
1427562788
1427730696
1427795200
1428097360
1428161808
1428347092
1428412216
1428641024
1428705512
1428890072
1428955344
1429125476
1429189888
1429493124
1429557520
1429743004
1429807464
1430031516
1430095900
1430280332
1430345100
1430531192
1430595888
1430899088
1430963768
1431148684
1431213340
1431410020
1431474500
1431771788
1431836168
1432021684
1432086896
1432332280
1432396556
1432582084
1432646552
1432814192
1432878596
1433180860
1433245120
1433430924
1433495368
1433723904
1433788392
1434443000
1434772012
1434962596
1435026868
1435340148
1435401380
1435486948
1435555536
1435814140
1436002768
1436455788
1436643624
1436707780
1436983124
1437172744
1437420828
1437607700
1437907304
1438094340
1438391444
1438577860
1438906984
1439096024
1440276784
1440341576
1440634520
1440702704
1441001776
1441069944
1441773812
1441967108
1442208624
1442272536
1442629056
1442691020
1442896780
1442967684
1443170156
1443357032
1443597068
1443784328
1443848552
1444100460
1444288448
1444564512
1444777684
1445064488
1445251500
1445551364
1445737552
1446065868
1446254240
1447468348
1447532920
1447793680
1447858504
1448112892
1448177660
1448504264
1448569124
1448894448
1448959436
1449151580
1449216236
1449385452
1449449796
1449755324
1449819744
1450005252
1450069828
1450264588
1450328888
1450632396
1450696744
1450882804
1450947220
1451196344
1451260700
1451446796
1451511204
1451679084
1451743380
1452044516
1452108860
1452294340
1452359844
1452587312
1452651724
1452836728
1452901272
1453069644
1453134280
1453435024
1453499332
1453684240
1453748760
1453975780
1454040240
1454225456
1454289972
1454461004
1454525352
1454825696
1454889960
1455075012
1455140304
1455368892
1455433396
1455618204
1455682620
1455850520
1455915036
1456216468
1456281640
1456467216
1456531804
1456771080
1456835556
1457020664
1457085084
1457256080
1457321068
1457619556
1457683812
1457869108
1457933632
1458162604
1458227084
1458411820
1458476636
1458644620
1458708940
1459010540
1459075500
1459287236
1459352032
1459552916
1459618452
1459922252
1459986748
1460171808
1460236300
1460456020
1460520464
1460704632
1460769812
1460942656
1461007044
1461305684
1461370004
1461554820
1461619300
1461846076
1461911568
1462096664
1462161128
1462328512
1462393612
1462692916
1462757396
1462942308
1463006784
1463254960
1463320244
1463990184
1464305092
1464493284
1464557296
1464838076
1464899528
1464992252
1465060208
1465295964
1465479372
1465762332
1465945380
1466009404
1466271820
1466456668
1466717400
1466900600
1467185636
1467368108
1467647088
1467829464
1468135856
1468320412
1469553032
1469617140
1469993600
1470058192
1470312912
1470377952
1470579576
1470644528
1471344232
1471413864
1471480744
1471544860
1471609160
1471673032
1471870704
1472056160
1472299444
1472363456
1472586656
1472825948
1472895752
1473192972
1473377276
1473689932
1473876224
1473940476
1474193620
1474379084
1474634612
1474817628
1475096140
1475278580
1475557452
1475740276
1476046060
1476231792
1477490468
1477554572
1477923904
1477988644
1478726716
1479092072
1479283044
1479347088
1479551544
1479612652
1479736440
1479805552
1480015028
1480201328
1480440068
1480626860
1480691076
1480971700
1481161156
1481403504
1481589040
1481878748
1482064204
1482357048
1482542848
1482865208
1483053380
1483531060
1483595424
1483886420
1484081068
1484315156
1484379768
1484718144
1484779320
1484919152
1484988588
1485235252
1485422820
1485715772
1485901968
1485966812
1486239712
1486427916
1486696492
1486881952
1487174888
1487360948
1487650936
1487858132
1488158060
1488348492
1489548320
1489612712
1489828416
1489894136
1490079632
1490144288
1490471344
1490536148
1490724600
1490789304
1490964988
1491030648
1491351132
1491415856
1491604244
1491668832
1491863048
1491927432
1492220272
1492285484
1492476292
1492540760
1492834728
1492899276
1493084692
1493149384
1493345676
1493410140
1493712704
1493777884
1493964404
1494029012
1494225408
1494289868
1494589424
1494653912
1494839980
1494904664
1495145612
1495210680
1495395304
1495459880
1495628140
1495692568
1495994352
1496058920
1496243976
1496308480
1496525368
1496590436
1496775464
1496839984
1497007884
1497072428
1497375476
1497439872
1497625612
1497690276
1497906312
1497970852
1498156188
1498220636
1498390964
1498455292
1498757548
1498822792
1499009612
1499074240
1499291436
1499356296
1499540768
1499605188
1499776352
1499840976
1500141236
1500205476
1500390564
1500455036
1500671052
1500735276
1500920180
1500984928
1501646972
1501838852
1502077180
1502141028
1502510424
1502572384
1502680780
1502749412
1503004532
1503191408
1503485004
1503671524
1503736212
1504008932
1504197616
1504466988
1504653424
1504947400
1505133528
1505424956
1505611040
1505931428
1506119560
1506575720
1506639616
1506952960
1507144168
1507386732
1507450484
1507786136
1507847040
1507967084
1508036168
1508301656
1508489368
1508784228
1508970652
1509034596
1509311996
1509500144
1509768700
1509954352
1510246120
1510431516
1510724340
1510911192
1511229636
1511417816
1512655140
1512719184
1512933840
1512998552
1513184316
1513248860
1513571172
1513636112
1514185028
1514496744
1514686236
1514750008
1515042076
1515103128
1515212832
1515281204
1515514580
1515700668
1515996480
1516183012
1516247056
1516522588
1516740424
1516978648
1517165516
1517444768
1517630904
1517922328
1518108224
1518427268
1518616300
1519095728
1519159668
1519451908
1519651236
1519871436
1519935204
1520266300
1520327976
1520641968
1520711276
1520909372
1521206840
1521392520
1521683972
1521747924
1522002432
1522201100
1522387232
1522629356
1522815116
1523099468
1523285744
1523577648
1523792464
1524065424
1525324424
1525388444
1525602792
1525668368
1525854880
1525920416
1526537972
1526866180
1527057020
1527120944
1527383640
1527445708
1527595996
1527665068
1527863984
1528050940
1528292828
1528479748
1528543992
1528825984
1529013936
1529282480
1529468804
1529763916
1529950584
1530241580
1530427896
1530749228
1530959160
1531443148
1531507632
1531798516
1531998604
1532226792
1532290700
1532620376
1532681532
1532862552
1532931760
1533130124
1533316212
1533564420
1533750836
1533814992
1534092800
1534281080
1534549360
1534735188
1535026792
1535212392
1535494372
1535683960
1535898256
1536146684
1537394748
1537458840
1537672668
1537737780
1537924684
1537990084
1538315584
1538380372
1538567628
1538632372
1538803936
1538868408
1539188756
1539253560
1539440648
1539506044
1539702932
1539768060
1540069352
1540133916
1540320060
1540384696
1540615160
1540679652
1540864312
1540929468
1541100288
1541164732
1541464848
1541529324
1541714772
1541781232
1541997160
1542061540
1542245812
1542310336
1542480524
1542545068
1542847216
1542911728
1543096728
1543161920
1543377780
1543442296
1543626100
1543690708
1543863024
1543928592
1544227716
1544291972
1544476376
1544541736
1544757356
1544822552
1545441984
1545748092
1545936624
1546001460
1546273252
1546334448
1546446928
1546515272
1546741100
1546928396
1547224084
1547410912
1547475812
1547752896
1547942344
1548210196
1548397240
1548690072
1548875532
1549169304
1549355248
1549674940
1549866756
1551021524
1551085740
1551299992
1551365676
1551554716
1551619652
1551947856
1552013104
1552533540
1552844440
1553034632
1553098708
1553391504
1553452888
1553701312
1553771252
1553969940
1554270880
1554457796
1554749144
1554814036
1555143828
1555331468
1555634104
1555819696
1556111584
1556297528
1556588852
1556774468
1557097568
1557285780
1558543216
1558612156
1558678588
1559009636
1559214436
1559514956
1559579204
1560217772
1560279064
1560364452
1560432452
1560701980
1560890292
1561180444
1561367864
1561432056
1561709164
1561898280
1562166968
1562353212
1562647936
1562835188
1563125176
1563312332
1563632040
1563820568
1565171568
1565248696
1565726064
1565938648
1566205312
1566269440
1566701900
1566765856
1567004568
1567075392
1567279132
1567573152
1567759368
1568050520
1568115380
1568444996
1568633820
1568937576
1569123528
1569413548
1569599376
1569891624
1570077376
1570397560
1570586044
1571183328
1571252304
1571463788
1571771152
1571959728
1572023856
1572296836
1572358064
1572443488
1572511416
1572761780
1572948240
1573239628
1573425720
1573489636
1573763380
1573951644
1574252196
1574441648
1574725488
1574911032
1575202116
1575387600
1575708664
1575896624
1576359216
1576423284
1576721048
1576910320
1577151828
1577215592
1577548276
1577609348
1577848456
1577918876
1578118080
1578304680
1578534388
1578725252
1578789372
1579118184
1579305612
1579597736
1579783560
1580075056
1580261956
1580552080
1580738348
1581058008
1581246504
1581741108
1581805300
1582100472
1582412588
1582600608
1582664440
1582946060
1583007140
1583091012
1583158120
1583411636
1583598588
1583892140
1584078380
1584143284
1584415012
1584602824
1584871636
1585057372
1585348648
1585534528
1585824736
1586010856
1586331100
1586519440
1587867496
1587936368
1588001716
1588453268
1588678112
1588911152
1588975576
1589331892
1589393240
1589607304
1589670916
1589745404
1589814036
1589880504
1589950236
1590016124
1590083992
1590162784
1590230136
1590430488
1590679120
1590865328
1591159396
1591224312
1591561400
1591750232
1592053080
1592239640
1592530636
1592716196
1592998980
1593187988
1593402664
1593649648
1594225232
1594297632
1594362284
1594617988
1594808924
1595055184
1595119428
1595341280
1595402488
1595555972
1595624984
1595927640
1596114704
1596416412
1596601832
1596665884
1596948152
1597136936
1597387776
1597573596
1597866324
1598052144
1598342776
1598528208
1598850076
1599038352
1599493956
1599557992
1599861500
1600051528
1600290972
1600354952
1600690456
1600751600
1600914624
1600977256
1601100260
1601168200
1601366880
1601656152
1601841480
1602133188
1602197208
1602421776
1602650172
1602859940
1603095760
1603282268
1603529772
1603715228
1604007512
1604221820
1604496640
1605756484
1605821068
1606113912
1606182232
1606485692
1606553944
1606773300
1606838344
1607161156
1607226316
1607418192
1607483844
1607653396
1607718064
1608023956
1608088456
1608274552
1608339672
1608532180
1608596848
1608896024
1608960484
1609146260
1609210796
1609448872
1609514032
1609699536
1609763968
1609935084
1609999540
1610302592
1610366908
1610552584
1610617300
1610836900
1610901428
1611086752
1611152180
1611322936
1611387296
1611688512
1611753144
1611938672
1612004236
1612220352
1612284940
1612470496
1612535516
1612703728
1612768260
1613071976
1613136388
1613322408
1613387008
1613602752
1613667104
1613852576
1613918144
1614086692
1614151976
1614462668
1614529792
1614605468
1614670128
1614959340
1615024052
1615209412
1615273960
1615442444
1615506792
1615804944
1615869608
1616056484
1616120948
1616359296
1616423784
1616609492
1616674680
1616845588
1616910076
1617238192
1617303124
1617493428
1617558128
1617750928
1617815500
1618113384
1618177728
1618364196
1618429728
1618665672
1618730088
1618915912
1618980168
1619148716
1619213428
1619514984
1619579820
1619765380
1619829804
1620059320
1620123752
1620310608
1620375204
1620546464
1620610732
1620911736
1620976208
1621162112
1621226472
1621442008
1621506512
1621692128
1621757128
1621937256
1622001624
1622307576
1622371972
1622558304
1622623208
1622829564
1622894244
1623080072
1623144408
1623312224
1623376664
1623678516
1623742864
1623929912
1623994396
1624206552
1624270904
1624457000
1624521704
1624691100
1624755480
1625057316
1625121844
1625307360
1625371848
1625585024
1625649372
1625834856
1625899368
1626067084
1626131680
1626434744
1626499124
1626684692
1626749340
1626970276
1627034620
1627219924
1627284484
1627452160
1627516632
1627820752
1627885028
1628071352
1628136592
1628346664
1628411996
1628597940
1628662528
1628830696
1628895196
1629198912
1629263632
1629450616
1629514984
1629720320
1629784888
1629970096
1630034676
1630202276
1630266576
1630567068
1630631920
1630817584
1630882000
1631110596
1631175196
1631360420
1631424892
1631618976
1631683824
1631993744
1632058520
1632244788
1632309592
1632505620
1632570212
1632867540
1632932876
1633101744
1633166892
1633419268
1633483792
1633669040
1633733616
1633902516
1633967108
1634268856
1634333464
1634518988
1634583604
1634800332
1634864688
1635049092
1635113932
1635282164
1635346660
1635649876
1635714348
1635899700
1635964380
1636171712
1636236996
1636425264
1636489856
1636782084
1636846444
1637032396
1637096900
1637264936
1637329520
1637632868
1637697368
1637884056
1637948508
1638165196
1638230496
1638415024
1638479808
1638651780
1638716556
1639016240
1639081156
1639658632
1639974340
1640162496
1640226588
1640522132
1640583352
1640714820
1640784208
1640983516
1641170900
1641441360
1641628332
1641693380
1641967376
1642155280
1642425060
1642611336
1642904308
1643090020
1643382392
1643568428
1643888004
1644075936
1645256360
1645321540
1645536076
1645601804
1645788488
1645853264
1646624316
1646697488
1646762248
1646826032
1646889520
1646953172
1647157528
1647346756
1647619628
1647683828
1648021528
1648218996
1648282820
1648371900
1648440336
1648506956
1648576336
1648642304
1648710220
1648780548
1648840472
1648983700
1649051932
1649289976
1649486912
1649673384
1649919372
1649983544
1650317544
1650505760
1650812944
1650999124
1651291872
1651477572
1651769264
1651954844
1652274964
1652463256
1653801308
1653865924
1654160448
1654229088
1654527932
1654596416
1654822332
1654887864
1655290728
1655358744
1655658380
1655723320
1655909752
1655974292
1656151060
1656216004
1656516872
1656581372
1656767560
1656832172
1657048872
1657114348
1657300000
1657364672
1657535316
1657599912
1657900160
1657965064
1658571716
1658883236
1659071520
1659136428
1659419608
1659480988
1659611404
1659680272
1659884028
1660071900
1660370272
1660559392
1660623904
1660867668
1661055828
1661324148
1661510816
1661803588
1661990372
1662279816
1662465768
1662787312
1662975052
1664200712
1664265176
1664522844
1664588676
1664795932
1664861112
1665605608
1665675496
1665741724
1665805972
1665869976
1665933656
1666132888
1666320588
1666593208
1666657428
1666994476
1667209968
1667272952
1667346952
1667415088
1667480540
1667549100
1667615116
1667683000
1667753432
1667813308
1668031348
1668100184
1668383852
1668570812
1668864660
1669052120
1669116740
1669387272
1669574552
1669843896
1670030436
1670321444
1670507884
1670799448
1670985864
1671304240
1671492760
1672712684
1672777836
1673034748
1673099588
1673354412
1673419276
1674244240
1674643396
1674845580
1674909908
1675114964
1675176248
1675325444
1675394328
1675593676
1675899812
1676087316
1676385724
1676449900
1676782220
1676971148
1677273308
1677459348
1677750616
1677936876
1678227584
1678414172
1678735728
1678924588
1679546444
1679618932
1679684616
1679998176
1680186316
1680480408
1680544352
1680881840
1680942828
1681119576
1681189152
1681439128
1681625984
1681919272
1682105764
1682170660
1682444864
1682633836
1682899332
1683084500
1683376440
1683561888
1683852980
1684038088
1684358152
1684545316
1685734216
1685798816
1686403728
1686769004
1686976728
1687042796
1687245012
1687306344
1687396096
1687464588
1687665360
1687851760
1688095400
1688281968
1688346144
1688642208
1688832144
1689150896
1689340748
1689583760
1689770820
1690035488
1690220160
1690543440
1690731580
1691966924
1692031704
1692664452
1693030484
1693245528
1693309908
1693529756
1693591028
1693830512
1693900296
1694099584
1694389028
1694577648
1694837808
1694902016
1695233140
1695422060
1695724888
1695910940
1696201048
1696386732
1696678324
1696863828
1697186188
1697374704
1698629860
1698699584
1698766984
1699144580
1699400116
1699618400
1699683204
1700289976
1700351488
1700425680
1700492888
1700685896
1700935128
1701120336
1701416644
1701480776
1701810208
1701998288
1702300700
1702486416
1702776580
1702963152
1703254584
1703470404
1703772520
1703960748
1704485800
1704550504
1704788184
1704953336
1705190704
1705254672
1705592040
1705653236
1705816488
1705879024
1705986172
1706055224
1706120720
1706189328
1706254396
1706321928
1706392372
1706452168
1706575412
1706643344
1706957136
1707145104
1707435204
1707621308
1707685880
1707960160
1708152008
1708399772
1708585356
1708875384
1709060968
1709347160
1709532852
1709846780
1710034192
1711196924
1711261280
1711791336
1712002896
1712243940
1712308148
1712661176
1712722368
1712814824
1712883008
1713116928
1713304128
1713587408
1713766000
1713830696
1714125936
1714315132
1714561376
1714747856
1715046356
1715232584
1715531808
1715718768
1716045596
1716234816
1717470140
1717534180
1717774604
1717852420
1718262608
1718360064
1719957228
1720603880
1721044188
1721109692
1721470516
1721532388
1721726112
1721788960
1721881720
1721950620
1722016256
1722084744
1722150184
1722217712
1722287944
1722347604
1722469824
1722538180
1722850940
1723041320
1723307776
1723494856
1723559316
1723839584
1724029004
1724306472
1724492356
1724792800
1724979116
1725277352
1725463188
1725791596
1725979564
1727177436
1727241960
1727456796
1727521832
1727708076
1727773412
1728172136
1728240232
1728563520
1728628772
1728817428
1728882328
1729051192
1729116244
1729420884
1729485936
1729672744
1729737304
1729933480
1729997980
1730300136
1730364640
1730550844
1730615512
1730860552
1730925048
1731111072
1731175736
1731349628
1731414176
1731718480
1731783840
1731970556
1732035264
1732287196
1732352040
1732539488
1732604336
1732775844
1732840316
1733143696
1733208116
1733393544
1733458112
1733653856
1733718284
1734017052
1734082132
1734268820
1734333328
1734579796
1734644200
1734830156
1734894860
1735064172
1735128664
1735429680
1735494968
1735681860
1735746480
1735969468
1736033748
1736218852
1736283352
1736451964
1736516460
1736809404
1736873792
1737064204
1737129480
1737432136
1737496528
1737681812
1737746412
1737914456
1737979004
1738279300
1738343556
1738529216
1738594412
1738831736
1738896112
1739081028
1739145560
1739314188
1739379552
1739681324
1739745768
1739931760
1739996280
1740223948
1740288512
1740473424
1740538080
1740709156
1740774060
1741073560
1741139092
1741324232
1741388688
1741617140
1741682456
1741868936
1741933348
1742101196
1742165548
1742466868
1742531324
1742717352
1742781872
1743012148
1743077252
1743261660
1743326204
1743494096
1743558696
1743859160
1743924352
1744110584
1744175020
1744400812
1744465148
1744650796
1744715356
1744883664
1744948528
1745250556
1745314700
1745500448
1745564848
1745792820
1745857332
1746041792
1746106284
1746274168
1746338608
1746665340
1746730252
1746918748
1746983608
1747176480
1747241940
1747541160
1747605780
1747792144
1747856732
1748101732
1748166280
1748351932
1748417340
1748585788
1748650476
1748952548
1749017072
1749202832
1749268308
1749495632
1749560080
1749745424
1749810056
1749976864
1750041360
1750343740
1750408080
1750593960
1750659288
1750887340
1750951788
1751136968
1751202180
1751372896
1751437420
1751625308
1751689724
1751991672
1752056256
1752241600
1752306096
1752476300
1752540620
1752842584
1752906948
1753092672
1753157408
1753384328
1753448756
1753633384
1753698068
1753866188
1753930688
1754231876
1754296144
1754481848
1754546360
1754771728
1754836188
1755021768
1755086228
1755254228
1755319500
1755620544
1755684836
1755870496
1755935056
1756159092
1756223544
1756408724
1756473292
1756644344
1756709496
1757008828
1757073240
1757259200
1757325044
1758077024
1758271416
1758512952
1758577092
1758912816
1758974732
1759109264
1759178440
1759436572
1759624276
1759925300
1760112120
1760177308
1760459468
1760648420
1760952756
1761141620
1761417356
1761602852
1761904644
1762090792
1762419980
1762608864
1763846436
1763911368
1764203844
1764272136
1764974160
1765050740
1765115288
1765179772
1765243588
1765500560
1765916084
1766232112
1766297132
1766517852
1766717496
1766780684
1766854424
1766922716
1766988120
1767056908
1767122080
1767189712
1767259836
1767319548
1767440736
1767509240
1767710180
1767897444
1768137920
1768325452
1768390368
1768656052
1768844288
1769120684
1769307544
1769609840
1769796488
1770099384
1770285956
1770613460
1770802868
1772077656
1772145636
1772562104
1772630488
1773180984
1773553652
1773890264
1773955772
1774177748
1774239216
1774373188
1774442340
1774638236
1774864964
1775052024
1775328100
1775392420
1775729020
1775918860
1776215728
1776402280
1776701908
1776888976
1777188620
1777375732
1777707892
1777895980
1779111920
1779176392
1779391444
1779456648
1779642176
1779708076
1780236472
1780434852
1780621620
1780685728
1780895908
1780957036
1781148156
1781210672
1781308172
1781376716
1781443136
1781511724
1781577760
1781645752
1781715888
1781775916
1782041380
1782102936
1782174544
1782242548
1782307784
1782376752
1782441768
1782509028
1782579124
1782639368
1782761104
1782829788
1783156456
1783345352
1783612896
1783799880
1783863992
1784144476
1784333064
1784611168
1784797200
1785097712
1785283948
1785581908
1785768208
1786096352
1786284556
1787483672
1787547816
1787840752
1787908888
1788174196
1788239176
1788530740
1788595616
1788916076
1788980900
1789168564
1789233184
1789402476
1789466996
1789815076
1789880148
1790068340
1790132952
1790304532
1790369172
1790675144
1790739612
1790926176
1790991612
1791216400
1791280816
1791466332
1791530772
1791699316
1791763916
1792067256
1792132380
1792317524
1792382164
1792610992
1792675536
1792860456
1792925140
1793095316
1793159628
1793463772
1793528092
1793714532
1793779864
1794001692
1794066120
1794251092
1794315400
1794482748
1794547680
1794737260
1794801552
1795099656
1795164988
1795350484
1795415052
1795582888
1795647276
1795948500
1796012992
1796199216
1796263652
1796502964
1796567356
1796753220
1796818472
1796986928
1797051412
1797353572
1797417824
1797603584
1797668924
1797893304
1797957780
1798142688
1798207960
1798375668
1798441004
1798743464
1798807776
1798993392
1799057920
1799282120
1799346552
1799531740
1799597120
1799765432
1799829848
1800131464
1800196048
1800381808
1800446192
1800670624
1800735048
1800920436
1800985036
1801153112
1801217556
1801520360
1801584792
1801770572
1801835068
1802063740
1802129188
1802313900
1802378388
1802549888
1802614280
1802913156
1802977556
1803162724
1803227388
1803451860
1803516300
1803700952
1803765532
1803952096
1804017432
1804323604
1804388204
1804574492
1804639172
1804833744
1804898364
1805194508
1805259736
1805445384
1805510232
1805755760
1805820152
1806006096
1806070616
1806239536
1806304460
1806875548
1807191068
1807380828
1807445580
1807728956
1807790360
1807936180
1808005508
1808204888
1808392040
1808640208
1808829948
1808894184
1809173812
1809362432
1809640188
1809826868
1810127056
1810313352
1810611844
1810797812
1811126512
1811315484
1812544616
1812612704
1812825716
1812892980
1812969324
1813033612
1813707540
1814039852
1814229696
1814293940
1814583528
1814645000
1814828036
1814891060
1815051024
1815121068
1815186720
1815255320
1815320728
1815388840
1815459284
1815519252
1815648072
1815716300
1815961500
1816149460
1816441092
1816627300
1816691436
1816971700
1817160916
1817438812
1817625144
1817927348
1818113484
1818441908
1818630808
1818937460
1819126328
1820372364
1820437040
1821534232
1822019596
1822397044
1822461084
1822858840
1822919992
1823049236
1823117776
1823340044
1823527636
1823888948
1824078660
1824143288
1824341932
1824530036
1824770092
1824956320
1825250204
1825437264
1825735972
1825922136
1826249724
1826438176
1827752668
1827823252
1827889716
1828439676
1828816412
1829023600
1829087852
1829333328
1829394748
1829597700
1829660788
1829771152
1829840260
1829905832
1829974364
1830039772
1830107364
1830177528
1830237448
1830494520
1830562420
1830761008
1830947988
1831184804
1831371516
1831435828
1831748236
1831938792
1832181196
1832367556
1832665272
1832860452
1833138384
1833324156
1833653720
1833842208
1835011320
1835076032
1835647512
1836022220
1836230112
1836294392
1836494656
1836555844
1836648864
1836716984
1836919964
1837106764
1837380044
1837568484
1837632784
1837891828
1838080024
1838355104
1838541716
1838842744
1839029072
1839328416
1839514492
1839842268
1840031552
1841269924
1841334708
1841909456
1842239800
1842446164
1842510456
1842760612
1842821936
1843050824
1843113208
1843582916
1843654788
1843720860
1843789680
1843855828
1843923152
1843992924
1844052916
1844217980
1844287208
1844595836
1844785628
1845066304
1845253328
1845317564
1845597060
1845785220
1846063188
1846249220
1846551508
1846737912
1847056128
1847248344
1847546768
1847735684
1848973248
1849042660
1849108756
1849440432
1849645864
1849958836
1850023424
1850628832
1850690260
1850806628
1850875284
1851152584
1851340520
1851639584
1851825716
1851890948
1852176508
1852365348
1852610280
1852795956
1853098816
1853285324
1853583012
1853769516
1854098768
1854287176
1855606624
1855675712
1855742024
1856260820
1856635316
1856842152
1856906552
1857107412
1857168764
1857363880
1857427264
1857554648
1857624344
1857689760
1857758332
1857824328
1857892028
1857961436
1858021188
1858360304
1858430552
1858630660
1858938952
1859126872
1859377156
1859441332
1859769948
1859957440
1860259636
1860445732
1860743848
1860929696
1861231832
1861442196
1861741276
1861930320
1862435632
1862500520
1862742096
1863052948
1863240904
1863305468
1863603276
1863664580
1863748036
1863816804
1864076264
1864263192
1864564188
1864750568
1864814688
1865093340
1865281228
1865557792
1865743556
1866044356
1866230188
1866532836
1866715680
1867028144
1867213536
1867705988
1867770072
1868065252
1868374072
1868558308
1868622376
1868899208
1868960584
1870505284
1870569372
1870639384
1870707772
1870774204
1870842984
1870908228
1870975832
1871045476
1871105548
1871446660
1871516032
1871711272
1871982364
1872164948
1872449572
1872513920
1872840788
1873025792
1873323704
1873506140
1873789628
1873971536
1874250080
1874432208
1874738788
1874924228
1875362132
1875432080
1875498560
1875724504
1876070864
1876256668
1876320692
1876599656
1876660832
1876731560
1876798728
1877047964
1877231576
1877512372
1877694616
1877758752
1878025516
1878211108
1878462156
1878644948
1878922488
1879104848
1879397048
1879579924
1879884988
1880070872
1881400820
1881464852
1881849800
1881914524
1882280492
1882345216
1882973808
1883038856
1883275600
1883584028
1883777932
1883841968
1884133072
1884194416
1884492564
1884555468
1884625084
1884694920
1884760372
1884828988
1884894504
1884961792
1885031176
1885091184
1885679028
1885741844
1885809848
1885878884
1885944296
1886012652
1886077728
1886145424
1886215080
1886274956
1886628508
1886691072
1886764864
1886833140
1886899016
1886967436
1887032648
1887100232
1887169632
1887229368
1887600024
1887669480
1887868384
1888286556
1888592448
1888779188
1888844092
1889131272
1889319056
1889588160
1889773760
1890081160
1890297624
1890552248
1890739224
1891058904
1891247004
1892434680
1892499708
1892767100
1892832416
1893501708
1893568344
1893632044
1893695988
1893759548
1893824320
1894068448
1894431352
1894621684
1894686372
1894897844
1895036872
1895105932
1895312652
1895500388
1895764752
1895950432
1896014664
1896293476
1896481928
1896751444
1896937088
1897229080
1897415288
1897705796
1897891692
1898213684
1898401940
1899519912
1899584812
1899964064
1900029052
1900675708
1901039476
1901231092
1901295212
1901498688
1901560224
1901881856
1901952572
1902018064
1902086364
1902151516
1902218912
1902289152
1902349236
1902654176
1902723496
1902922232
1903284696
1903473656
1903724804
1903788904
1904042864
1904241456
1904427016
1904698824
1904887132
1905159936
1905345240
1905638904
1905855316
1906128532
1907205292
1907270380
1907805296
1908175128
1908381648
1908446308
1908646628
1908707860
1908795656
1908863564
1909063276
1909249476
1909487396
1909676968
1909741348
1910133900
1910325796
1910569992
1910755952
1911050564
1911236692
1911527800
1911713312
1912035136
1912223360
1912591308
1912660900
1912726840
1912983728
1913172004
1913451592
1913515416
1913854684
1913915792
1914153688
1914216464
1914314568
1914383340
1914448728
1914517836
1914583308
1914651176
1914720768
1914780792
1914978832
1915039964
1915121596
1915190876
1915256236
1915324576
1915389696
1915456832
1915526484
1915586344
1915967424
1916036852
1916235524
1916421844
1916663256
1916849428
1916913632
1917158480
1917345772
1917613952
1917799540
1918091280
1918276424
1918568480
1918753656
1919105320
1919295316
1919638636
1919707384
1919773392
1920017676
1920206280
1920502472
1920566404
1920898000
1920959016
1921071020
1921139384
1921434268
1921621144
1921914464
1922100680
1922165856
1922443724
1922631500
1922899236
1923084668
1923377600
1923563012
1923843712
1924032772
1924246440
1924493396
1924914156
1924992792
1925175184
1925425128
1925613432
1925677408
1925952800
1926013832
1926225784
1926289252
1926395036
1926464132
1926529500
1926597868
1926663076
1926730392
1926800064
1926859952
1927069356
1927137696
1927334236
1927520280
1927766368
1927951716
1928015856
1928293020
1928480868
1928747512
1928933364
1929225896
1929410692
1929702696
1929888148
1930209460
1930397820
1930749776
1930818876
1930884852
1931133080
1931320520
1931612000
1931676596
1932011136
1932072348
1932151032
1932219312
1932513288
1932700532
1932990468
1933175948
1933258896
1933537048
1933725952
1933974752
1934160440
1934452816
1934638776
1934928796
1935115088
1935433620
1935621020
1935985740
1936054780
1936120860
1936367500
1936556644
1936856220
1936920104
1937254468
1937316560
1937460544
1937676772
1937738700
1938398904
1938468972
1938534700
1938603124
1938668296
1938735552
1938805168
1938864948
1939103332
1939172196
1939373524
1939618180
1939804976
1940096540
1940161144
1940493484
1940680688
1940984088
1941170096
1941459300
1941644900
1941936420
1942122064
1942441556
1942629252
1942992724
1943061740
1943127372
1943369272
1943558092
1943850360
1943914456
1944246588
1944307576
1944386288
1944453808
1944757420
1944943780
1945238324
1945424064
1945488124
1945762476
1945950180
1946217296
1946403428
1946698160
1946884372
1947178452
1947364132
1947708444
1947899224
1948240544
1948308816
1948374716
1948632404
1948821216
1949099352
1949163204
1949494224
1949555344
1949712632
1949774800
1949846900
1949915484
1949980732
1950049060
1950114136
1950182036
1950251788
1950311616
1950556300
1950618028
1950711384
1950781524
1950846900
1950915512
1950980668
1951047980
1951117632
1951177492
1951427636
1951489992
1951620564
1951690828
1951756756
1951825616
1951890864
1951958048
1952027984
1952088396
1952343516
1952413080
1952712764
1952904344
1953089924
1953338480
1953402716
